n0020by;針子の乙女;268;1516;1232;96416;53112;4132;3344;28.83;21.86;3.35;201169;4742.60;6068.99;8651.43;76.87;76.58;76.69;76.93
n0031ei;異世界国家アルキマイラ　―最弱の王と無双の軍勢―;204;2374;2152;534099;305326;20571;13382;39.91;24.48;19.24;1108426;5894.30;7629.70;10409.38;72.35;73.03;72.61;72.37
n0074em;最強の魔導士。ひざに矢をうけてしまったので田舎の衛兵になる;80;2027;1805;965557;537876;61472;48422;19.94;15.04;33.03;2094454;3551.94;4689.68;6502.60;78.83;77.87;77.81;78.54
n0089bk;異世界迷宮の最深部を目指そう;201;2679;2518;4207773;2291520;192334;118830;35.41;20.00;143.01;8830609;4052.91;5469.96;7820.28;79.50;79.56;79.56;79.48
n0186bu;魔法書を作る人;x;2471;2187;837103;487632;47049;33991;24.63;16.97;30.29;1775903;4927.22;6709.28;9338.18;79.85;79.48;79.96;80.53
n0228eg;スキル『台所召喚』はすごい！～異世界でごはん作ってポイントためます～;229;1714;1428;305925;165763;15767;11527;26.54;18.12;10.18;648636;4555.70;6273.88;9424.55;83.53;84.36;83.01;83.17
n0350em;異世界転移、地雷付き。;169;2554;2309;1718615;963812;72560;50015;34.36;21.99;58.66;3602465;4305.07;5971.55;8985.10;79.19;79.58;79.66;79.32
n0358dh;痛いのは嫌なので防御力に極振りしたいと思います。;113;1919;1703;622251;346918;29957;22580;27.56;19.60;21.11;1304259;3922.65;5255.93;7551.13;77.18;76.82;76.94;77.05
n0388dp;俺んちに来た女騎士と田舎暮らしすることになった件;x;2441;2141;639586;369903;29457;18036;35.46;20.80;23.02;1353817;7309.50;10046.38;14205.81;79.72;79.65;80.20;80.15
n0407cz;転生吸血鬼さんはお昼寝がしたい;x;2222;1957;780405;435653;36170;23468;33.25;20.22;26.94;1645827;3846.57;5244.92;7447.62;83.82;83.35;83.02;83.42
n0439bf;最新のゲームは凄すぎだろ;274;2244;1997;675339;385995;26425;13605;49.64;24.82;24.07;1408711;4803.82;6373.29;8760.30;77.73;77.69;77.85;77.69
n0442em;冒険者ライセンスを剥奪されたおっさんだけど、愛娘ができたのでのんびり人生を謳歌する;153;1940;1643;296817;166443;15857;12241;24.25;17.51;10.11;631751;4313.90;5696.97;8162.49;83.80;84.30;83.58;83.96
n0447ca;異世界転移したのでチートを生かして魔法剣士やることにする;255;1858;1594;455717;264956;17973;12669;35.97;24.03;16.09;947193;3656.09;4839.56;7017.58;79.43;78.91;78.98;79.15
n0537cm;邪神アベレージ;x;2023;1770;303213;177771;10843;8215;36.91;26.53;11.01;629425;4308.75;5625.66;7849.51;75.83;76.43;76.09;75.87
n0561cm;加賀100万石に仕える事になった;x;2045;1741;237568;141817;11242;6602;35.98;20.02;9.14;499880;8191.04;10627.48;14770.82;59.16;61.57;59.81;59.34
n0579dc;異世界コンサル株式会社（旧題：冒険者パーティーの経営を支援します！！）;280;2473;2197;1091212;646413;41249;29918;36.47;25.14;39.95;2276879;5366.80;7101.19;10021.43;73.01;74.70;75.08;74.17
n0595ch;戦慄の魔術師と五帝獣;x;1956;1744;456761;255137;21231;16514;27.66;20.14;15.71;964565;3546.65;4731.92;6653.72;79.22;79.46;79.51;79.40
n0597ea;勇者の活躍はこれからだ！;x;2407;2180;1211006;723237;45195;36744;32.96;25.59;44.81;2533728;7071.89;9138.42;12719.03;68.35;69.41;68.72;68.45
n0608dy;万年Ｄランクの中年冒険者、酔った勢いで伝説の剣を引っこ抜く;298;2169;1904;467971;260042;23525;18922;24.73;18.55;16.00;990657;4219.84;5572.35;7790.73;81.29;81.32;81.29;81.37
n0610eg;魔石グルメ　～魔物の力を食べたオレは最強！～（Web版）;219;2458;2281;2306180;1295551;113438;71731;32.15;19.04;78.59;4866353;3894.40;5279.78;7344.01;80.36;80.57;80.39;80.46
n0611em;陰の実力者になりたくて！;5;2074;1847;431592;243302;24144;17242;25.03;16.85;15.04;920921;5128.67;6537.47;8873.20;79.08;78.60;78.63;79.22
n0612dm;最下位職から最強まで成り上がる～地道な努力はチートでした～;x;2075;1804;373436;208632;16224;12495;29.89;21.61;13.00;784492;5710.50;7475.19;10431.25;75.38;75.25;75.70;75.47
n0624dx;ワンワン物語　～ 金持ちの犬にしてとは言ったが、フェンリルにしろとは言ってねえ！ ～;x;2173;1879;407332;216910;22121;14909;27.32;16.87;13.51;863952;5671.68;7544.30;10519.82;81.53;82.73;82.03;81.94
n0641eh;シャバの「普通」は難しい;213;2509;2239;714126;387866;27538;19539;36.55;23.99;24.47;1491221;7562.72;9824.97;12960.27;78.84;79.41;79.61;78.86
n0709cd;灰色の勇者は人外道を歩み続ける;135;2101;1887;647274;374188;30226;20997;30.83;20.00;22.97;1357780;3512.18;4745.22;6855.01;81.44;80.07;80.67;81.16
n0737cf;教えて！誰にでもわかる異世界生活術;x;2549;2274;790955;442907;40580;33617;23.53;18.42;28.15;1680073;6629.52;8539.51;11527.09;77.10;77.17;77.33;77.38
n0744bf;ネクストライフ;x;2319;2070;771081;438757;31236;27654;27.88;23.76;27.09;1617627;5216.35;6845.34;9392.49;75.71;75.39;75.86;75.74
n0822cl;異世界支配のスキルテイカー　～　ゼロから始める奴隷ハーレム　～;134;2221;1974;565359;324100;25490;17941;31.51;20.92;19.63;1186560;5243.68;6888.35;9327.95;75.21;74.73;75.10;75.39
n0885dc;異世界に来たみたいだけど如何すれば良いのだろう;188;2836;2635;2383930;1378862;120453;50887;46.85;18.74;86.57;5030172;6516.17;8760.88;12559.12;77.50;77.79;77.65;77.85
n0955el;(´・ω・`)最強勇者はお払い箱→魔王になったらずっと俺の無双ターン;48;2174;1922;436176;243953;21686;13795;31.62;18.98;15.34;921677;5820.09;7588.45;9984.77;78.77;78.42;78.61;78.80
n1026ft;時使い魔術師の転生無双　～魔術学院の劣等生、実は最強の時間系魔術師でした～;234;1901;1616;297152;163124;15448;11443;25.97;18.15;10.38;629067;4541.10;6107.26;8700.92;78.62;77.29;77.46;78.51
n1039br;ヤンデレ系乙女ゲーの世界に転生してしまったようです;x;1826;1526;207454;119467;8277;4762;43.56;23.87;7.35;433209;5008.53;6866.42;9509.70;81.16;81.10;81.03;81.00
n1094bz;精霊幻想記（Ｗｅｂ版）;127;2475;2237;1529192;875845;63659;45139;33.88;22.84;53.92;3207966;4712.39;6068.26;8422.71;77.87;78.57;78.77;78.21
n1119fh;村づくりゲームのＮＰＣが生身の人間としか思えない;300;1994;1731;398780;234975;17497;11541;34.55;21.80;14.30;833587;4426.47;5850.32;8391.67;79.77;80.00;80.16;80.11
n1143cv;リアル世界にダンジョンが出来た（Web版）;x;1873;1610;568858;330888;26197;21736;26.17;20.46;19.50;1192428;2732.11;3844.34;5586.13;83.29;84.67;83.98;83.36
n1217et;信者ゼロの女神サマと始める異世界攻略　クラスメイト最弱の魔法使い;187;2171;1916;813900;443403;49305;39332;20.69;15.12;27.46;1738694;3908.54;5161.47;7431.90;78.27;77.11;77.26;78.11
n1222ci;黒の召喚士　～戦闘狂の成り上がり～;85;2624;2457;1988359;1106145;89197;39192;50.73;20.68;68.09;4179202;5804.23;7497.08;10294.53;75.53;75.22;75.52;75.71
n1247p;リアデイルの大地にて;173;2432;2155;573642;325218;20560;11672;49.15;26.44;20.19;1206044;6362.71;8467.08;11562.60;73.74;73.58;73.73;73.06
n1321ez;実は俺、最強でした？ ～転生直後はどん底スタート、でも万能魔法で逆転人生を上昇中！～;239;1969;1697;281371;157100;15131;9149;30.75;17.51;9.79;597173;5584.05;7239.36;9884.35;79.51;78.71;79.09;79.44
n1337cn;公爵令嬢の嗜み;22;2234;1960;605327;349910;28592;16268;37.21;19.77;21.40;1272462;4219.17;5801.00;8351.00;80.67;79.84;80.02;80.51
n1383bo;こちら討伐クエスト斡旋窓口;250;1767;1483;247936;143406;11513;8621;28.76;20.46;8.70;523692;3576.85;4695.13;6869.67;78.29;78.39;78.41;78.47
n1388cd;救わなきゃダメですか？　異世界;x;2400;2194;1402796;806790;55312;37873;37.04;24.38;50.88;2933141;5077.29;6512.70;9107.80;75.24;75.51;75.41;75.30
n1406cr;駆除人;93;2439;2221;1579550;917380;79084;48809;32.36;18.93;54.70;3363352;4585.05;6397.55;9376.83;80.53;80.36;80.27;80.61
n1435ev;世界の闇と戦う秘密結社が無いから作った（半ギレ）;267;2413;2177;565795;325228;22903;10921;51.81;23.57;20.76;1177690;8433.72;10915.82;14486.15;70.30;71.09;70.43;70.39
n1443bp;異世界はスマートフォンとともに。;52;2783;2577;2538418;1421079;121114;58739;43.22;19.77;87.24;5351969;5797.16;7707.27;10881.76;78.65;78.30;78.53;78.71
n1444fs;転生領主の優良開拓〜前世の記憶を生かしてホワイトに努めたら、有能な人材が集まりすぎました〜;167;1580;1345;361834;204521;19091;12501;28.94;17.75;12.26;771084;2014.79;2692.96;4039.33;82.89;84.33;83.52;83.35
n1474fh;一億年ボタンを連打した俺は、気付いたら最強になっていた～落第剣士の学院無双～;13;2306;2071;930712;495626;51649;33679;27.63;16.14;31.31;1956382;5585.39;7264.24;10099.08;77.69;77.36;77.76;77.78
n1576cu;人狼への転生、魔王の副官;35;2499;2294;1384062;789771;64932;47170;29.34;20.36;49.46;2927938;6278.03;8191.20;11205.05;76.68;76.02;76.23;76.64
n1578dx;魔王学院の不適合者　～史上最強の魔王の始祖、転生して子孫たちの学校へ通う～;66;2520;2374;2692479;1444413;134424;96039;28.04;18.47;91.62;5718179;6486.50;8531.60;11693.35;78.08;77.89;78.05;78.44
n1583dj;剣士を目指して入学したのに魔法適性9999なんですけど！？;214;2116;1888;799209;438021;41519;28392;28.15;18.21;27.13;1696425;4417.71;5869.91;8065.41;77.62;77.40;77.65;77.65
n1592db;最強呪族転生～チート魔術師のスローライフ～;118;2448;2261;1375484;770652;56578;40301;34.13;22.74;47.42;2873363;5061.32;6702.50;9107.33;78.65;78.72;78.81;78.66
n1618ck;打算あり善行冒険者;x;2046;1797;461965;268311;15620;11954;38.65;28.40;16.26;957512;3958.70;5323.48;7570.53;77.95;78.01;78.01;76.91
n1619dr;クラスが異世界召喚されたなか俺だけ残ったんですが;158;1979;1778;661258;383767;33074;26488;24.96;18.63;23.25;1387734;3067.94;4209.14;6176.29;80.76;80.97;81.23;81.29
n1624fi;貴族転生～恵まれた生まれから最強の力を得る;28;2030;1740;329133;189061;18357;14845;22.17;16.80;11.57;706528;5391.24;7262.33;10357.10;80.60;79.49;79.54;80.20
n1701bm;異世界食堂;24;2220;1941;668585;374130;26140;19888;33.62;24.15;23.32;1388290;5749.10;7642.09;10557.42;80.81;81.42;81.24;80.70
n1745ct;四度目は嫌な死属性魔術師;203;2830;2664;4568294;2538024;154002;96541;47.32;27.72;159.19;9446833;5797.44;7650.75;10288.05;70.48;70.83;70.99;70.32
n1753cz;そのガーゴイルは地上でも危険です　～翼を失くした最強ガーゴイルの放浪記～;x;2090;1864;682482;381298;35733;28847;23.66;17.88;23.38;1444505;3782.48;4993.81;7058.88;79.44;78.79;78.98;79.50
n1782t;Re：Monster――刺殺から始まる怪物転生記――;x;2024;1726;172849;98031;4897;3851;44.88;33.29;6.32;355742;7297.65;9289.23;12212.15;68.27;70.12;68.67;67.68
n1784ee;神統記(テオゴニア);226;2442;2138;548976;317312;16294;10444;52.56;31.80;19.63;1127507;7835.59;10471.39;14507.43;77.00;79.84;80.23;78.89
n1785ek;ハズレ枠の【状態異常スキル】で最強になった俺がすべてを蹂躙するまで;59;2215;1996;648973;359042;42678;34439;18.84;13.94;22.32;1389031;5617.80;7302.71;10131.90;78.64;77.71;77.58;78.60
n1793ei;転生賢者の異世界ライフ　～第二の職業を得て、世界最強になりました～;25;1501;1291;290918;160255;14054;10595;27.46;18.82;9.69;608140;2851.96;3725.86;4975.92;79.38;79.13;79.31;79.47
n1839bd;オーバーロード：後編;115;2005;1739;374473;212956;15797;8500;44.06;22.69;13.31;784163;3637.78;4954.89;7121.19;79.37;79.30;79.25;79.31
n1850ew;役立たずスキルに人生を注ぎ込み25年、今さら最強の冒険譚;222;2309;2098;828767;471494;33004;27635;29.99;23.91;29.76;1736836;6341.48;8286.01;11367.74;77.45;79.54;79.69;78.67
n1854cj;グリモワール×リバース～転生鬼神浪漫譚～;224;2596;2396;1435086;776621;68663;44157;32.50;19.55;48.84;3028192;6180.85;8258.78;11287.65;79.28;79.13;79.28;79.41
n1898i;ウォルテニア戦記【Web投稿版】;95;2505;2249;908940;539985;39220;27829;32.66;22.10;33.82;1893226;5285.05;6932.96;9523.43;73.88;74.13;73.06;73.58
n1930bw;ゲート・オブ・アミティリシア・オンライン;240;2396;2181;1083729;619188;51982;25102;43.17;19.53;37.38;2269039;4973.30;6564.33;9267.21;79.13;78.67;78.83;79.21
n1976ey;俺は星間国家の悪徳領主！;123;1856;1642;434123;249584;23107;16905;25.68;17.73;15.35;919402;4645.13;6007.70;8245.80;77.39;76.51;76.64;77.29
n1980bm;破壊の御子;278;2768;2545;2046095;1166155;67456;43250;47.31;28.86;72.29;4247130;7058.85;9215.99;12676.58;79.03;79.79;79.89;78.54
n1980en;領民0人スタートの辺境領主様;205;2032;1800;449723;257251;13855;9694;46.39;30.51;15.68;920354;3937.91;5276.44;7584.40;80.75;81.20;81.06;80.03
n1996ed;精霊達の楽園と理想の異世界生活;196;2298;2103;1868159;1067698;84025;35584;52.50;21.26;65.38;3937789;4157.68;5439.17;7969.28;78.88;79.18;79.11;78.98
n2027ci;神殺しの英雄と七つの誓約（旧題：彼は英雄ではないと言い張るようです）;202;2413;2183;1214258;694051;59523;34361;35.34;19.23;43.14;2555157;3275.25;4513.25;6526.28;81.39;80.56;80.36;80.88
n2031cu;異世界転移で女神様から祝福を！　～いえ、手持ちの異能があるので結構です～;21;2480;2304;2287261;1286471;101176;64917;35.23;20.83;78.27;4773021;4529.09;6157.10;8896.98;76.04;75.38;75.59;76.08
n2133ej;おっさん竜師、第二の人生;x;1985;1707;330361;181676;18724;13497;24.48;16.46;11.10;706968;4982.49;6609.11;9449.77;81.03;81.27;80.68;80.97
n2133fo;影の英雄の日常譚 ～勇者の裏で暗躍していた最強のエージェント、組織が解体されたので、正体隠して人並みの日常を謳歌する～;180;1948;1677;257134;147464;13048;8530;30.14;18.43;9.25;544350;4269.55;5520.07;7574.53;75.62;75.62;75.33;75.72
n2163n;宝くじで40億当たったんだけど異世界に移住する;122;2337;2158;1298353;739179;50999;35846;36.22;24.06;45.07;2727150;5159.28;7013.51;9931.27;79.86;80.18;80.20;79.70
n2199ex;冒険者をクビになったので、錬金術師として出直します！　〜辺境開拓？　よし、俺に任せとけ！;261;1979;1734;398289;217882;22064;15068;26.43;16.91;13.58;851759;4401.92;5827.95;8368.60;75.97;75.29;75.97;76.43
n2211cx;野生のラスボスが現れた！;207;2399;2182;1119146;643324;47979;36641;30.54;22.05;39.42;2335168;4909.05;6421.49;8786.42;76.23;76.41;76.50;76.45
n2224dv;レベル１だけどユニークスキルで最強です;50;2176;1950;1382641;747996;73253;61337;22.54;17.79;45.60;2950915;4520.65;6342.89;8719.56;77.27;77.86;77.73;77.87
n2267be;Ｒｅ：ゼロから始める異世界生活;7;2815;2679;5342415;2958571;207915;120968;44.16;24.15;185.35;11154352;6207.20;8104.20;10891.09;79.30;80.09;80.07;79.36
n2273dh;勇者召喚に巻き込まれたけど、異世界は平和でした;151;2422;2234;2411472;1300345;108881;56984;42.32;20.14;80.24;5033542;3706.77;5069.78;7319.99;78.94;79.25;79.38;79.08
n2276dz;異世界でスローライフを（願望）;108;2388;2135;1161703;649329;67730;43743;26.56;15.95;39.34;2482723;4243.18;5870.60;8598.56;82.79;82.23;81.98;82.60
n2360eu;リアリスト魔王による聖域なき異世界改革;260;2284;1999;408270;238218;18968;14106;28.94;20.67;14.78;864386;6100.32;8188.70;11464.45;77.31;77.01;77.22;77.29
n2377fh;最強出涸らし皇子の暗躍帝位争い～帝位に興味ないですが、死ぬのは嫌なので弟を皇帝にしようと思います～;92;2161;1957;939461;543782;52035;30295;31.01;17.33;33.31;2003318;3786.07;5141.47;7267.91;80.43;79.62;79.79;80.36
n2379eu;パーティーから追放されたその治癒師、実は最強につき;275;1673;1436;335176;192387;11536;10497;31.93;27.50;11.89;696556;2274.45;3206.13;4570.72;77.53;78.13;78.19;77.29
n2413ep;エロゲの友人キャラに転生したけど、役割放棄して魔法学園の頂点に立つ　- マジカル★エクスプローラー -;53;2009;1754;453775;255541;20503;10992;41.28;21.00;15.80;954653;4009.50;5562.80;7972.25;79.74;79.61;79.77;79.69
n2415eg;そのおっさん、異世界で二周目プレイを満喫中;17;2151;1918;817374;454766;39071;27154;30.10;19.93;28.33;1725201;4603.57;6133.70;8637.40;77.78;77.53;77.79;77.93
n2435cr;暇人、魔王の姿で異世界へ　～時々チートなぶらり旅～;160;2611;2433;2448385;1374383;113657;72461;33.79;20.08;85.07;5143011;4774.44;6499.24;9232.75;80.02;80.22;80.44;80.33
n2468ca;治癒魔法の間違った使い方～戦場を駆ける回復要員～;125;2327;2128;1711054;974455;75375;54468;31.41;21.25;60.24;3584552;3593.98;4834.59;6951.77;79.49;80.32;80.39;80.33
n2477eq;漆黒使いの最強勇者　〜仲間全員に裏切られたので最強の魔物と組みます〜;254;1852;1552;202053;115852;10047;6245;32.35;19.00;7.11;427049;4317.87;5643.20;7941.90;77.52;77.95;78.01;78.06
n2499j;竜殺しの過ごす日々;x;2212;1971;819949;485536;35428;22067;37.16;22.43;29.71;1729639;3700.76;5029.11;7168.68;80.96;80.64;80.64;80.90
n2542dr;エノク第二部隊の遠征ごはん;x;2382;2170;984330;540477;51882;39067;25.20;17.65;33.52;2092043;5597.64;7368.32;10479.06;78.74;78.03;78.20;78.81
n2596ea;聖女になるので二度目の人生は勝手にさせてもらいます　～王太子は、前世で私を振った恋人でした～;277;1581;1348;282072;162064;14284;7827;36.04;18.77;9.86;597538;3748.56;5067.58;6903.10;81.02;81.76;81.53;81.47
n2600df;寄生してレベル上げたんだが、育ちすぎたかもしれない;291;2079;1777;479401;268246;22773;15178;31.59;19.96;16.34;1011632;3847.43;5323.24;7678.80;81.99;82.37;81.74;81.81
n2627t;黒の魔王;63;2796;2624;4528685;2489537;152253;103652;43.69;27.83;156.73;9416236;6291.27;8180.15;11010.91;75.71;75.73;76.04;75.03
n2662ca;田中のアトリエ　～年齢イコール彼女いない歴の錬金術師～;109;2609;2397;2171960;1214524;98597;63324;34.30;20.86;76.26;4581661;5666.86;7638.04;10841.00;79.32;79.22;79.34;79.37
n2671do;魔王になったので、ダンジョン造って人外娘とほのぼのする;257;2459;2270;1183255;655853;48634;31706;37.32;22.32;40.43;2471079;4294.37;5849.62;8496.92;77.60;79.12;79.22;78.44
n2674cv;地龍のダンジョン奮闘記！;x;2380;2162;1308112;705194;73353;55433;23.60;16.30;43.96;2746439;4498.95;6031.73;8418.76;77.47;76.86;77.13;77.56
n2710db;とんでもスキルで異世界放浪メシ;4;2281;2053;1580963;861671;67710;54586;28.96;21.94;51.08;3303019;6133.76;8093.22;11706.24;78.21;78.33;77.16;77.05
n2713ev;外れスキル「影が薄い」を持つギルド職員が、実は伝説の暗殺者;171;2067;1828;479821;264940;26543;18961;25.31;16.73;16.09;1026850;4605.87;6326.08;9124.23;79.49;78.99;79.10;79.47
n2721ek;宿屋の倅、時空間魔術に目覚める　～真の勇者とか結構ですので宿屋やらせて～;200;2226;1952;471494;267078;25417;16354;28.83;17.27;17.01;997986;4868.13;6554.45;9041.20;75.53;74.92;74.48;75.11
n2740ca;異世界の迷宮都市で治癒魔法使いやってます;272;2027;1745;510190;283651;22703;19302;26.43;21.00;17.39;1067022;3458.79;4664.29;6784.30;79.58;80.11;80.18;79.71
n2766dz;悪役令嬢なのでラスボスを飼ってみました;129;2201;1961;787927;426855;40353;23035;34.21;18.39;26.65;1673565;5007.83;6409.87;8840.81;80.80;80.75;80.47;80.94
n2872bw;軍オタが魔法世界に転生したら、現代兵器で軍隊ハーレムを作っちゃいました！？;133;2675;2450;2288001;1276018;93043;69266;33.03;22.84;80.04;4760902;5319.12;7030.08;9784.80;71.43;71.25;71.06;71.23
n2959bs;勇者パーティーにかわいい子がいたので、告白してみた。;x;2019;1796;956808;544772;49754;35649;26.84;18.19;32.57;2030195;3165.73;4371.98;6438.98;82.35;82.31;81.65;82.22
n2964cz;くじ引き特賞：無双ハーレム権;228;2197;1963;959713;532090;56620;46028;20.85;15.95;32.55;2057213;4271.72;5877.85;8266.05;81.67;81.51;81.09;81.54
n3009bk;盾の勇者の成り上がり;12;2592;2421;3692830;2172051;194961;142349;25.94;18.04;129.96;7845555;4229.02;5739.47;8135.72;80.56;80.01;80.00;80.57
n3039bm;誰かこの状況を説明してください;106;2122;1877;761138;418966;35034;20585;36.98;20.46;25.85;1601386;5201.28;7211.22;10318.91;81.38;81.21;80.93;81.13
n3040bl;タナカの異世界成り上がり;x;2162;1913;510256;290651;23706;9880;51.65;20.60;17.88;1070278;5052.20;6647.43;8995.23;78.54;78.06;78.26;78.59
n3043bv;聖樹の国の禁呪使い;x;2171;1926;590763;328291;31454;24009;24.61;17.46;20.25;1251466;4891.64;6565.57;9259.95;79.15;78.53;78.85;79.14
n3059ch;お前みたいなヒロインがいてたまるか！;197;2133;1941;959304;581967;37375;26085;36.78;24.60;35.41;2012462;3906.12;5413.73;7809.38;77.36;77.48;77.84;77.73
n3102y;ネトオク男の楽しい異世界貿易紀行;159;2432;2138;958058;529923;45066;28024;34.19;19.77;31.88;1997937;5107.31;6976.97;10233.70;79.29;78.95;78.88;79.11
n3125cg;異世界料理道;150;2735;2581;7627664;4220928;277137;166581;45.79;25.74;253.27;15918793;6492.16;8854.48;12105.91;81.36;82.64;80.99;80.13
n3148ex;世界最高の暗殺者、異世界貴族に転生する;71;2155;1920;592614;333173;26746;18551;31.95;21.10;21.02;1247114;4415.61;5882.41;8212.63;78.71;78.52;78.81;78.80
n3191eh;乙女ゲー世界はモブに厳しい世界です;58;2100;1891;1079173;615313;60147;40572;26.60;16.90;37.21;2288847;3737.76;4982.81;7172.62;79.40;78.86;78.98;79.55
n3250cl;セブンス;154;2163;2009;2075627;1199022;102468;59747;34.74;19.09;72.15;4364053;3107.77;4180.74;5806.72;78.61;78.54;78.65;78.82
n3254cl;嫌われ者始めました〜転生リーマンの領地運営物語〜;x;2410;2171;695744;394731;30683;13807;50.39;21.68;24.32;1451477;7013.60;9300.27;12878.84;74.67;73.98;74.44;74.85
n3289ds;異世界のんびり農家;19;2324;2130;1611545;925418;90233;88280;18.25;16.86;56.46;3404100;4753.80;6433.11;8792.76;77.32;76.01;76.18;77.27
n3353fc;難関ダンジョン最深部で勇者パーティから追放された三流冒険者ですが、【修復】スキルが万能チート化して脱出できたので、足を洗って武器屋でも開こうかと思います;191;2429;2197;1185053;670979;43697;30459;38.91;25.68;42.38;2466512;5634.71;7266.57;9755.66;75.07;75.30;75.30;74.98
n3386db;無欲の聖女は金にときめく;x;2458;2242;909323;493669;35372;24221;37.54;23.75;30.94;1893350;6778.27;8963.75;12100.45;79.80;80.56;80.65;79.87
n3406ek;異世界で土地を買って農場を作ろう;164;2611;2362;1265252;688108;60755;47120;26.85;19.45;43.51;2646145;7591.37;9781.91;13539.80;75.80;74.82;75.28;75.84
n3406u;理想のヒモ生活;64;2221;2004;667642;376613;20367;12911;51.71;30.84;24.25;1384857;6251.75;8237.80;11288.61;69.71;71.52;70.86;69.70
n3420cm;傭兵団の料理番;162;2257;1977;554589;314999;29436;20235;27.41;17.81;19.22;1176397;4736.02;6490.91;9085.05;82.02;81.89;81.75;82.03
n3428fa;異世界賢者の転生無双　～ゲームの知識で異世界最強～;65;1439;1257;218760;121670;9760;7300;29.97;20.65;7.41;459374;3071.21;3971.44;5650.39;77.44;77.53;77.75;77.87
n3448eb;社畜ダンジョンマスターの食堂経営  〜断じて史上最悪の魔王などでは無い！！〜;182;2071;1789;348621;198516;15481;11007;31.67;21.28;12.27;730288;4065.08;5418.08;7590.75;77.64;78.15;78.05;78.03
n3490ee;航宙軍士官、冒険者になる;209;2100;1865;692366;395901;34591;17871;38.74;19.02;24.19;1458678;4508.25;6146.06;8663.19;78.01;77.32;77.61;78.10
n3512ds;回復術士のやり直し～即死魔法とスキルコピーの超越ヒール～;x;2184;1991;785449;448108;38462;26212;29.97;19.46;28.09;1657154;4335.32;5782.68;8040.99;79.33;79.13;79.39;79.62
n3527ei;真の仲間じゃないと勇者のパーティーを追い出されたので、辺境でスローライフすることにしました;37;2253;1959;562461;319622;23765;17319;32.48;22.54;19.43;1181798;4948.35;6594.82;9234.62;77.72;77.73;77.98;77.80
n3556o;Knight's & Magic;23;2524;2322;1387275;786180;54130;32619;42.53;24.39;50.38;2898472;6160.32;7963.32;10807.95;74.88;74.92;74.45;74.50
n3677bw;張り合わずにおとなしく人形を作ることにしました。;x;1966;1611;187759;105071;8627;6473;29.01;20.66;6.55;392124;5605.55;7488.58;10342.51;82.55;81.82;81.54;82.23
n3716bh;Hunter and Smith Online;x;2056;1803;621919;346114;25752;18856;32.98;22.32;21.16;1293543;5111.50;6739.54;9305.67;74.06;74.48;74.87;74.78
n3722ev;ここは俺に任せて先に行けと言ってから10年がたったら伝説になっていた。;47;1801;1585;533403;302531;32692;25700;20.75;15.60;18.22;1154120;3054.80;4074.78;5696.24;78.96;78.18;78.17;78.85
n3726bt;レジェンド;27;2719;2580;11602967;6793397;393906;261306;44.40;28.00;405.03;24024545;2908.31;3867.77;5586.27;78.20;78.59;78.70;77.45
n3730bn;まのわ ～魔物倒す・能力奪う・私強くなる～;242;2646;2489;4438812;2503573;176363;96422;46.04;23.99;151.97;9285062;5201.93;7268.04;10005.41;75.65;75.41;76.07;75.50
n3830dd;村人ですが何か？;86;2186;1959;456198;255829;25444;15699;29.06;16.48;15.66;964533;5800.74;7544.70;10435.03;75.92;75.16;75.32;75.88
n3840bt;異世界魔法は遅れてる！;119;2729;2474;1352783;754880;58280;31608;42.80;21.80;47.62;2841133;6126.91;8277.07;11507.12;80.82;80.19;79.95;80.21
n3876bm;ディンの紋章 ～魔法師レジスの転生譚～;x;2609;2383;1279429;730046;73586;65732;19.46;16.45;45.65;2721081;6518.33;8487.10;11296.97;79.32;77.93;78.00;78.84
n3877cq;カンナのカンナ　異端召喚者はシナリオブレイカー;x;2453;2218;968065;558214;38731;21825;44.36;23.62;34.94;2026154;5523.06;7150.51;9674.70;75.20;75.95;75.79;75.56
n3902dc;ラスボスの向こう側～最強の裏ボス＝邪神に転生したけど、１０００年誰も来ないから学園に通うことにした～;x;1925;1667;406308;228509;22822;18406;22.07;17.16;14.08;869835;4263.00;5748.62;8164.50;79.52;78.98;79.06;79.96
n3920by;村人転生～最強のスローライフ;x;2615;2400;2232499;1265660;126047;70534;31.65;16.75;75.89;4765944;5216.56;7117.86;10441.00;77.91;78.28;77.92;77.91
n3930eh;狼は眠らない;175;2195;1979;1319906;757623;63797;37593;35.11;19.82;46.76;2799198;4628.22;6449.79;9217.85;77.32;77.19;77.80;77.57
n3949bq;ンディアナガル殲記;x;2680;2449;1792776;1010622;69435;53369;33.59;23.65;63.36;3695923;5337.26;6892.78;9483.05;76.94;78.32;78.72;78.19
n4006r;ラピスの心臓;217;2463;2270;1297145;741496;50987;33274;38.98;24.21;46.54;2714048;6193.14;7979.36;10802.97;79.11;80.02;79.99;79.54
n4014ds;ＶＲＭＭＯの支援職人　～トッププレイヤーの仕掛人～;258;2623;2408;2491920;1354474;124632;85243;29.23;18.17;82.49;5235854;5245.74;7070.86;10201.71;77.61;76.99;77.29;77.75
n4029bs;謙虚、堅実をモットーに生きております！;11;2444;2188;1030842;595170;49641;28148;36.62;19.74;36.69;2174873;6562.39;9139.65;13234.79;78.47;77.57;78.00;78.30
n4045ed;最強職《竜騎士》から初級職《運び屋》になったのに、なぜか勇者達から頼られてます;98;1836;1595;376255;214981;18075;11062;34.01;19.33;13.01;795058;3443.80;4634.10;6724.66;79.64;79.78;79.94;79.77
n4053ef;勇者が救世主って誰が決めた？　～ 世界を見棄てた元勇者 ～;x;2677;2428;994332;522502;50559;23815;41.75;17.40;34.30;2056900;7947.01;9939.08;13106.67;72.29;74.11;73.50;73.55
n4054by;進化の実～知らないうちに勝ち組人生～;41;2156;1979;1027349;558720;50799;31998;32.11;18.35;34.13;2156016;3430.20;4567.90;6584.50;79.53;79.28;79.40;79.64
n4072er;王女殿下はお怒りのようです＜WEB版＞;238;2101;1854;449818;251438;17056;10506;42.82;25.01;15.48;940031;4789.90;6371.13;8775.85;77.92;78.15;78.39;77.88
n4076cm;マヌケなFPSプレイヤーが異世界へ落ちた場合;166;2379;2136;1051114;592820;33659;19378;54.24;29.09;37.00;2162252;6739.97;8979.97;12685.37;70.21;70.92;70.65;69.75
n4128bn;奪う者　奪われる者;73;2558;2376;1594732;897076;73699;43016;37.07;20.26;54.04;3367198;5306.22;6970.67;9497.57;76.42;75.83;76.05;76.20
n4138ck;夜伽の国の月光姫;x;2317;2060;546898;304812;21323;10649;51.36;24.15;19.01;1143161;5742.18;7474.57;10255.60;77.58;78.63;78.66;77.69
n4147dw;はぐるまどらいぶ。;x;2485;2273;2516613;1100549;180531;142823;17.62;10.85;68.30;5316154;7016.38;9529.10;13165.91;78.83;77.94;77.15;77.95
n4176eh;魔術学院を首席で卒業した俺が冒険者を始めるのはそんなにおかしいだろうか;265;2114;1841;491784;275066;18979;14200;34.63;24.31;16.85;1028139;4998.70;6730.89;9314.21;78.31;78.60;78.83;78.04
n4185ci;くま　クマ　熊　ベアー;77;2154;1986;2337879;1319434;118292;81983;28.52;18.86;79.35;4971434;2480.53;3300.24;4804.93;81.98;83.00;81.78;81.69
n4202cb;用務員さんは勇者じゃありませんので;70;2672;2439;1413947;813519;52023;37898;37.31;25.93;50.59;2942576;6362.63;8350.95;11691.37;77.14;77.31;77.47;77.06
n4218cw;新しいゲーム始めました。～使命もないのに最強です？～;283;2730;2449;1415293;787510;63065;41349;34.23;20.76;48.27;2931521;6486.85;8797.38;12624.10;76.21;75.13;75.25;76.05
n4237cd;ワールド・ティーチャー -異世界式教育エージェント-;74;2401;2241;2170523;1270812;93433;55726;38.95;22.04;77.19;4557631;3308.95;4450.38;6331.90;80.29;80.67;80.67;80.66
n4259s;異世界迷宮で奴隷ハーレムを;14;2288;2004;1121247;636716;58344;50519;22.19;18.68;38.92;2377835;4949.59;6524.57;9976.17;76.43;75.99;76.59;77.24
n4260fc;異世界転生で賢者になって冒険者生活　～【魔法改良】で異世界最強～;297;1289;1100;153299;86666;7784;5792;26.47;18.01;5.37;324676;2850.09;3771.77;5056.09;74.37;73.78;74.08;74.23
n4344dy;世界最強の後衛　～迷宮国の新人探索者～;147;2243;1982;909814;493314;37606;18517;49.13;22.10;30.00;1896138;4507.59;6295.96;9287.19;78.70;78.43;78.57;78.64
n4365be;勇者の活躍(?)の裏側で生活してます;x;2837;2596;2071056;1200079;93550;52239;39.65;20.69;72.85;4354423;5773.00;7902.41;11294.29;78.04;78.31;78.35;78.40
n4399ci;呼び出された殺戮者;x;2364;2123;963543;558411;36524;25236;38.18;25.00;34.49;2019778;4075.60;5451.13;7734.55;77.25;77.90;77.87;77.35
n4402bd;オーバーロード：前編;99;2388;2151;1092003;610749;47169;24729;44.16;22.09;38.19;2285090;4379.10;5888.23;8311.14;78.53;78.81;78.89;78.89
n4434cx;魔王の器;266;2266;2068;1716020;985357;93447;52053;32.97;17.42;60.39;3688456;3438.71;4697.37;6678.63;79.75;78.91;79.01;79.60
n4435dj;もう、いいでしょう。;x;1882;1579;193525;107378;8225;5695;33.98;22.40;6.80;406519;6059.70;7914.07;10610.80;77.59;79.19;78.62;79.18
n4449cj;俺の死亡フラグが留まるところを知らない;112;2322;2045;582380;335620;21770;13142;44.31;25.99;20.79;1213999;5653.30;7337.40;9964.60;78.95;78.97;79.08;78.52
n4483dj;スライム倒して３００年、知らないうちにレベルＭＡＸになってました;194;2275;2048;1256664;683921;59832;36648;34.29;19.68;41.69;2659133;4954.96;6723.14;9745.91;80.63;80.87;80.16;80.28
n4499cf;アルバート家の令嬢は没落をご所望です;148;2077;1875;861533;480321;32056;19210;44.85;25.53;29.43;1801629;5089.00;6438.94;8772.60;79.80;80.12;79.90;78.83
n4527bc;Only Sense Online;84;2507;2280;1340292;739329;59925;32792;40.87;20.74;46.11;2813372;6161.98;8075.25;11033.43;73.75;74.05;74.21;74.04
n4698cv;転生したらドラゴンの卵だった～最強以外目指さねぇ～;55;2402;2196;1523615;835601;66143;56689;26.88;20.97;50.99;3147217;5212.80;6978.67;9595.80;79.21;79.03;79.04;79.40
n4748bs;武に身を捧げて百と余年。エルフでやり直す武者修行;x;2317;2069;964859;556638;41185;26776;36.03;21.96;33.84;2020328;3859.21;5280.04;7568.58;82.25;82.77;82.73;82.54
n4750dy;ハンネローレの貴族院五年生;237;1448;1216;165743;86512;4778;2400;69.06;33.52;5.63;343585;3230.75;4327.88;6049.85;77.55;78.84;78.99;77.88
n4760cl;堕落の王;276;2086;1825;356837;204270;18445;11171;31.94;18.25;12.89;747964;5159.73;6946.79;9457.40;79.45;78.09;77.87;78.86
n4764du;生き残り錬金術師は街で静かに暮らしたい;69;2502;2286;999211;558982;34069;19477;51.30;27.86;35.00;2073843;6913.71;8880.30;12090.80;75.95;75.63;75.91;75.18
n4774dz;転生先が少女漫画の白豚令嬢だった;120;2033;1810;454443;256289;19839;13157;34.54;21.46;15.80;952631;4319.43;5765.35;8162.95;78.63;78.65;78.76;78.73
n4830bu;本好きの下剋上　～司書になるためには手段を選んでいられません～;16;2596;2422;5481953;3025174;183486;99850;54.90;28.66;190.90;11434318;4195.94;5587.36;8053.06;77.69;78.01;78.18;77.43
n4836fm;難攻不落の魔王城へようこそ～デバフは不要と勇者パーティーを追い出された黒魔導士、魔王軍の最高幹部に迎えられる～;91;2114;1848;596065;337613;29138;20308;29.35;19.15;20.91;1257965;3894.25;5146.40;7288.75;77.43;76.99;77.17;77.56
n4890bm;勇者様のお師匠様;107;2484;2270;925175;533934;34547;25220;36.68;25.55;33.12;1929728;5236.98;6785.84;9475.99;76.35;76.73;76.67;76.29
n4908bv;サモナーさんが行く;138;2998;2838;9303141;5192914;573022;555686;16.74;14.47;304.69;19051546;6891.95;9401.86;14553.68;70.18;67.99;68.69;71.19
n4933cs;チートあるけどまったり暮らしたい;x;2237;1958;527769;303946;18218;14945;35.31;27.73;18.67;1094518;5824.28;7695.63;10580.60;72.30;71.35;71.75;71.65
n4933ew;体力9999のSSRスキル持ちタンク、勇者パーティーを追放される;185;1839;1618;670454;378189;35633;23841;28.12;17.69;22.59;1420711;2488.35;3271.24;4641.79;82.36;82.58;81.83;82.15
n4936dp;転生貴族の異世界冒険録～自重を知らない神々の使徒～;32;2004;1760;663665;376897;30682;19617;33.83;20.56;23.00;1400008;3411.79;4438.00;6369.37;75.62;74.97;75.44;75.62
n4979et;二度転生した少年はＳランク冒険者として平穏に過ごす　～前世が賢者で英雄だったボクは来世では地味に生きる～;130;2180;1929;838804;475329;37897;29987;27.97;20.85;29.39;1770400;3586.93;4810.24;6724.88;77.12;77.29;77.52;77.30
n5011bc;辺境の老騎士;145;2382;2101;1063616;605352;43456;42565;24.99;23.51;37.24;2210992;6667.40;8855.27;12442.64;79.56;79.91;79.90;79.53
n5036fc;転生勇者の気まま旅　～伝説の最強勇者は第二の人生でさらに強くなるようです～;271;1891;1592;240085;132818;12099;9787;24.53;18.58;8.18;510414;3918.28;5133.43;6971.20;78.85;78.64;78.83;78.94
n5040ce;乙女ゲームの破滅フラグしかない悪役令嬢に転生してしまった…;72;1573;1358;259297;147733;10194;7829;33.12;23.89;8.92;537020;3189.74;4277.76;6273.23;82.77;83.24;82.79;82.54
n5077bk;異世界でもふもふなでなでするためにがんばってます。;256;2437;2166;960877;542927;43341;34881;27.55;20.85;32.88;2006144;4703.86;6376.38;9186.27;81.19;81.51;81.22;81.31
n5084bv;銀河連合日本;x;2704;2465;2749656;1441836;112940;66158;41.56;22.18;91.46;5684842;9374.49;12443.31;16998.20;65.39;62.84;64.33;64.37
n5115cq;最果てのパラディン;87;2575;2321;686502;379896;32714;27483;24.98;19.42;23.99;1446152;7261.79;9586.01;13173.97;80.51;80.18;80.41;80.51
n5214bb;クロの戦記　異世界転移した僕が最強なのはベッドの上だけのようです;177;2638;2458;1516057;865397;75998;64704;23.43;18.86;53.36;3217742;6108.94;8053.67;10863.95;76.11;75.80;75.78;76.22
n5240bc;死神を食べた少女;290;2163;1911;318140;180643;16095;6923;45.95;18.75;11.77;672848;7016.55;8947.83;11578.10;73.57;73.29;72.20;73.21
n5242bu;いまさら魔法少女と言われても;x;2937;2691;3225533;1775774;109685;78561;41.06;26.96;113.27;6625820;9105.87;12004.57;15893.45;65.72;66.50;65.45;65.03
n5260bk;星をひとつ貰っちゃったので、なんとかやってみる;x;2347;2053;720546;417890;32986;26806;26.88;20.76;25.72;1518072;6169.54;8397.01;11819.67;77.38;76.73;77.29;77.43
n5279bn;やる気なし英雄譚;253;2325;2075;1129247;640297;43140;25391;44.47;24.96;40.05;2363281;4649.83;6065.14;8501.46;77.98;78.64;78.86;78.01
n5361em;「お前ごときが魔王に勝てると思うな」とガチ勢に勇者パーティを追放されたので、王都で気ままに暮らしたい;x;2413;2214;1902845;1036060;85436;68044;27.96;20.79;64.30;3991921;4430.27;5795.28;7946.05;81.03;81.63;81.31;80.96
n5375cy;転生して田舎でスローライフをおくりたい;39;2363;2161;1525036;870665;68163;48100;31.71;21.41;52.88;3215284;4710.70;6207.64;8884.99;81.82;82.04;81.53;81.64
n5380fm;転生したら１５歳の王妃でした　〜聖女のチートなんて興味がないし、気ままにおいしいごはんを作ります～;287;1543;1243;123413;69673;5592;4426;27.88;20.89;4.33;260225;3908.64;5264.78;7444.70;83.15;82.57;82.61;82.90
n5391ci;賢者の剣;x;2167;1981;2190686;1245135;106555;55557;39.43;19.32;77.44;4603109;3247.79;4320.47;6086.92;78.51;77.87;78.07;78.43
n5422dn;レイロアの司祭さま～はぐれ司祭のコツコツ冒険譚～;x;2232;2004;593851;316189;36186;24776;23.97;15.38;19.59;1274990;6404.20;8511.13;11716.65;74.98;73.06;73.32;74.98
n5455cx;＜Infinite Dendrogram＞-インフィニット・デンドログラム-;132;2841;2637;2861859;1537457;121462;92765;30.85;21.36;94.95;5915631;7089.69;9359.80;12486.56;71.82;71.49;72.34;72.23
n5475dz;察知されない最強職《ルール・ブレイカー》;146;2430;2161;1437531;782782;69548;43583;32.98;19.29;47.62;3040192;5568.11;7381.59;10381.15;77.60;77.32;77.50;77.66
n5490cq;絶対に働きたくないダンジョンマスターが惰眠をむさぼるまで;61;2318;2103;1282328;698773;65509;34594;37.07;18.00;41.64;2712861;4813.87;6425.86;9203.97;77.78;77.63;77.34;77.42
n5503fn;底辺領主の勘違い英雄譚　～平民に優しくしてたら、いつの間にか国と戦争になっていた件～;x;1720;1375;133428;69224;5265;2944;45.32;23.11;4.41;275661;5389.25;6866.73;9454.30;77.26;76.49;76.47;76.52
n5529cy;老後に備えて異世界で８万枚の金貨を貯めます;143;2428;2106;802105;444487;30243;18344;43.73;24.22;27.85;1668770;6500.73;8655.90;12210.03;73.86;74.36;74.54;73.97
n5530cf;うちの娘の為ならば、俺はもしかしたら魔王も倒せるかもしれない 。;105;2296;2096;709872;394201;27873;18628;38.11;23.53;24.23;1478362;4758.08;6378.33;8952.59;78.59;79.21;79.26;78.67
n5577es;婚約破棄から始まる悪役令嬢の監獄スローライフ【Web版】;165;1950;1625;193093;104306;8918;5667;34.07;20.29;6.53;406772;7350.43;9718.28;13470.32;77.38;77.54;77.89;77.92
n5606cq;最強魔法師の隠遁計画;252;2696;2532;2207079;1294933;86382;51413;42.93;24.64;80.20;4606411;6430.01;8172.89;10931.22;76.32;76.90;77.02;76.62
n5619fv;転生貴族、鑑定スキルで成り上がる～弱小領地を受け継いだので、優秀な人材を増やしていたら、最強領地になってた～;263;1493;1189;134528;79018;6038;4243;31.71;21.11;4.74;281867;3212.97;4314.78;5999.90;80.83;80.54;80.49;80.96
n5653eh;はぐれ精霊医の診察記録　～聖女騎士団と癒やしの神業～;294;2033;1750;333673;187672;13384;5986;55.74;23.12;11.62;693362;4562.92;6123.85;8550.64;80.74;80.12;79.99;80.32
n5657el;転生したら乙女ゲーの世界？いえ、魔術を極めるのに忙しいのでそういうのは結構です。;225;2178;1928;526932;296531;22091;14467;36.42;22.38;18.27;1101813;5589.18;7309.27;10234.85;78.91;79.00;79.14;78.99
n5677cl;魔王は世界を征服するようです;235;2719;2472;1345000;781992;60981;49254;27.31;20.85;47.25;2835530;6748.75;9071.42;13159.31;80.54;80.75;81.00;80.93
n5691dd;即死チートが最強すぎて、異世界のやつらがまるで相手にならないんですが。;42;2304;2030;730586;424998;34715;22645;32.26;20.02;25.78;1543094;4258.75;5775.29;8220.12;81.37;80.46;80.82;81.27
n5705cg;異世界の沙汰も金次第;x;2183;1914;498511;295751;21015;8986;55.48;22.87;18.29;1044428;4361.61;5765.48;8034.48;77.80;77.93;77.87;77.93
n5705ch;エルフ転生からのチート建国記;245;2161;1933;618770;356719;28026;16509;37.48;21.07;22.18;1303754;4543.01;5981.45;8428.10;78.39;78.91;79.12;78.94
n5712dr;失格紋の最強賢者　～世界最強の賢者が更に強くなるために転生しました～;15;1742;1548;648011;369142;29126;21671;29.90;20.50;22.89;1359741;2984.97;3956.89;5479.81;74.79;74.54;74.72;74.72
n5715cp;そして少女は悪女の体を手に入れる;x;1887;1669;411862;236842;22721;11725;35.13;17.23;14.89;877643;4322.65;6120.61;9011.57;80.60;80.04;80.50;81.17
n5764bn;先代勇者は隠居したい(仮題);243;2329;2049;548661;301923;26958;18266;30.04;18.87;18.88;1155278;6044.65;7981.08;10884.57;77.65;77.55;77.58;78.02
n5779da;乙女ゲーム六周目、オートモードが切れました。;230;1863;1579;281595;162199;12540;7593;37.09;21.33;10.08;590151;4478.60;6129.48;8598.15;78.53;78.24;78.21;78.63
n5824ct;神達に拾われた男（改訂版）;38;2310;2057;935396;541069;42207;23646;39.56;20.87;33.13;1963904;4461.47;6147.66;8718.71;79.30;78.72;78.62;79.10
n5834cr;Frontier World ―召喚士として活動中―;x;2243;2082;948089;527682;36716;25508;37.17;23.55;32.20;1932776;5125.15;6721.06;9218.77;74.02;73.71;73.76;73.84
n5864cn;おかしな転生;75;2705;2469;1544749;890725;61420;34329;45.00;23.99;56.51;3235990;7075.68;9392.17;12728.20;74.66;74.70;74.24;74.52
n5871dy;外れスキル【地図化】を手にした俺は、最強パーティーと共にダンジョンに挑む;211;2026;1795;527175;297231;24892;18549;28.42;20.10;18.23;1111928;3891.80;5244.62;7372.98;81.04;80.95;80.74;81.06
n5881cl;賢者の孫;18;2259;2016;935064;521833;50444;33836;27.64;17.25;32.05;1992533;3684.20;4925.69;7287.47;77.17;76.41;76.90;77.21
n5897fs;不遇職『鍛冶師』だけど最強です　～気づけば何でも作れるようになっていた男ののんびりスローライフ～;273;1358;1137;174070;98365;9097;7036;24.74;17.94;5.88;368888;2325.79;2979.50;4249.00;82.20;82.28;81.73;82.03
n5915da;俺の家が魔力スポットだった件～住んでいるだけで世界最強～;247;1885;1644;560016;314232;29430;20503;27.31;17.67;18.83;1192805;3555.51;4733.20;6887.65;81.85;82.13;81.79;81.74
n5943db;異世界人の手引き書;286;2025;1791;583407;326757;34272;23135;25.22;15.90;20.46;1210641;4027.55;5434.80;7704.98;77.87;76.53;76.81;77.60
n5947eg;冒険者になりたいと都に出て行った娘がＳランクになってた;57;2448;2251;1204551;674999;59442;32697;36.84;19.22;40.96;2552334;5542.98;7373.96;10378.61;81.26;82.00;81.55;81.55
n5966bh;詰みかけ転生領主の改革（旧：詰みかけ転生領主の奮闘記）;78;2355;2121;644867;372971;26420;21315;30.25;23.48;23.77;1355264;6369.57;8300.53;11065.92;72.29;73.58;72.79;72.61
n5981bn;ニートだけどハロワにいったら異世界につれてかれた;40;2313;2086;1301777;749904;65932;33246;39.16;18.96;45.78;2756765;4091.43;5437.51;7661.18;80.11;79.44;79.55;80.14
n5990cm;異世界転生の冒険者;x;2348;2137;1386678;811584;47447;28667;48.37;27.47;48.12;2874324;3793.30;5097.67;7263.12;78.68;79.00;79.01;78.13
n5993ba;フリーライフ　～異世界何でも屋奮闘記～;181;2690;2465;1451602;789987;68856;36767;39.48;19.36;49.02;3059372;6953.70;9169.57;12361.08;80.36;80.21;80.24;80.37
n6006cw;転生したら剣でした;67;2654;2408;2027845;1136394;103566;56582;35.84;18.17;69.45;4263464;4521.09;6063.66;8715.71;76.46;75.64;76.08;76.58
n6022cs;再召喚された勇者は一般人として生きていく？;161;2150;1924;1071173;626490;42210;27756;38.59;24.28;37.99;2243071;3075.20;4178.59;5856.70;80.43;81.06;81.13;80.62
n6088cy;ポーション頼みで生き延びます！;116;2298;2043;650515;360939;23782;15123;43.01;24.85;22.36;1353484;5282.64;7269.05;10260.44;75.75;76.36;76.59;75.86
n6093en;嘆きの亡霊は引退したい　〜最弱ハンターは英雄の夢を見る〜;94;2440;2217;1081530;607037;48344;26369;41.02;21.13;37.50;2262319;4632.40;6288.64;8854.90;78.77;78.64;78.73;78.83
n6147be;異世界は赤い星と共に;x;2203;1962;919999;531297;44117;26991;34.09;20.01;32.78;1945317;3670.52;5083.43;7240.32;80.42;80.30;80.38;80.47
n6169bb;悪役令嬢後宮物語;155;2346;2134;976188;535214;37692;20148;48.45;23.88;33.71;2041941;5236.17;7007.54;9637.91;78.18;78.39;78.51;78.27
n6169dz;シャングリラ・フロンティア〜クソゲーハンター、神ゲーに挑まんとす〜;90;2854;2643;2151051;1121881;77396;47812;44.99;25.67;71.23;4425833;9779.58;12471.69;16560.15;70.70;69.47;70.95;70.45
n6214du;Eクラス冒険者は果てなき騎士の夢を見る　「先生、ステータス画面が読めないんだけど」;x;2103;1848;672262;377942;30198;16988;39.57;21.21;23.30;1414914;3315.57;4558.19;6452.52;82.13;82.23;81.85;81.94
n6221dl;食い詰め傭兵の幻想奇譚;101;2382;2168;1879410;1085071;46688;37670;49.89;38.85;66.07;3879325;3740.00;5124.22;7325.35;83.23;82.55;82.02;80.18
n6247dd;魔王軍最強の魔術師は人間だった;241;2399;2126;630435;363850;26807;20936;30.11;22.31;22.59;1324486;5523.93;7526.84;10430.35;77.10;77.13;77.33;77.13
n6266ci;骸骨騎士様、只今異世界へお出掛け中;81;2620;2407;1123263;668632;28737;21626;51.94;37.45;41.91;2308938;5777.29;7460.08;10372.50;72.82;74.89;73.72;72.39
n6290cr;スキルトレーサー;x;2169;1896;466386;260081;19251;15010;31.07;22.52;16.07;973858;4831.13;6463.87;9141.88;77.17;76.71;77.06;77.14
n6309ex;「攻略本」を駆使する最強の魔法使い　～〈命令させろ〉とは言わせない俺流魔王討伐最善ルート～;270;2408;2134;538696;288868;22991;16567;32.52;21.63;17.98;1125599;7687.43;9916.25;13528.90;76.31;75.78;76.21;76.09
n6316bn;転生したらスライムだった件;1;2643;2407;1985835;1123681;88211;69135;28.72;20.91;69.93;4137718;5138.11;6910.61;9347.57;71.78;71.92;71.65;71.86
n6332bx;二度目の人生を異世界で;36;2548;2361;2094394;1252105;57095;46282;45.25;35.18;76.11;4330932;4444.02;5905.35;8226.45;77.40;79.01;79.32;77.78
n6362fe;失格から始める成り上がり魔導師道！～呪文開発ときどき戦記～;262;2396;2110;533832;299093;23855;16843;31.69;21.06;18.85;1124056;6225.98;8319.52;11714.70;79.76;79.04;79.19;79.39
n6375dm;嘘つき戦姫、迷宮をゆく;x;2256;2023;678009;380321;29843;16865;40.20;21.69;23.68;1426673;5846.42;7645.01;10388.57;78.56;78.97;79.06;78.69
n6470bm;青雲を駆ける;296;2260;1960;479806;274583;22917;18160;26.42;19.94;16.94;1016439;5631.46;7842.21;11272.10;81.20;81.62;81.62;81.57
n6473bp;勇者イサギの魔王譚;x;2457;2245;1295449;713364;70533;60455;21.43;17.24;44.29;2747557;4841.04;6554.97;9007.90;81.43;81.19;81.03;81.39
n6475db;私、能力は平均値でって言ったよね！;9;2478;2254;1530193;843040;52172;34935;43.80;26.70;52.14;3184332;4797.73;6534.22;9209.00;74.99;75.59;75.92;74.87
n6475dd;異世界でスキルを解体したらチートな嫁が増殖しました　　−　概念交差のストラクチャー　−;249;2062;1883;1767305;925642;93965;60568;29.18;17.09;57.18;3745887;4268.06;5777.65;8354.77;79.32;79.30;79.04;79.19
n6517bw;リビティウム皇国のブタクサ姫;215;3001;2749;1277948;704577;41892;25159;50.79;28.35;44.40;2638315;8430.80;11025.08;14778.80;75.47;75.57;75.80;75.02
n6530bk;ライオットグラスパー ～異世界でスキル盗ってます～（旧：異世界で盗賊やってます）;168;2291;2059;814352;460847;37089;23913;34.05;20.54;28.22;1702468;4627.59;6081.85;8563.35;79.97;80.28;80.50;80.40
n6537fu;俺は全てを【パリイ】する　〜逆勘違いの世界最強は冒険者になりたい〜;117;1669;1387;131450;74789;6119;5137;25.59;19.61;4.59;275287;3715.60;4964.73;6997.30;79.84;78.84;79.19;79.52
n6621fl;昏き宮殿の死者の王;178;2110;1841;430605;251170;20675;10118;42.56;19.76;15.61;901348;4331.92;5669.08;7838.23;78.92;78.69;78.58;79.03
n6634cu;異世界で始める人生改革    ～貴族編〜(公爵編→貴族編;x;1917;1657;383732;223534;21015;16913;22.69;17.24;13.49;807179;3139.60;4438.99;6554.82;81.07;80.35;80.50;81.00
n6654fn;二度と家には帰りません！～虐げられていたのに恩返ししろとかムリだから～;299;1299;1070;120081;67601;4845;3935;30.52;23.57;4.09;251057;3008.00;4128.74;6092.64;81.82;81.84;81.15;81.16
n6683ej;無職の英雄　～別にスキルなんか要らなかったんだが～;110;2082;1796;422127;236344;22302;17587;24.00;17.65;14.60;898831;4193.23;5528.19;7581.00;81.00;80.32;80.59;80.91
n6695bq;異世界転生に感謝を【本編完結】;152;2220;1999;1063727;614754;35510;19892;53.48;28.60;37.36;2213319;3521.54;4707.97;6837.36;76.22;76.51;76.72;75.35
n6768bf;フェアリーテイル・クロニクル　～空気読まない異世界ライフ～;45;2758;2529;3804610;2152589;114982;71611;53.13;31.52;136.53;7922668;5791.18;7702.05;10728.60;75.91;76.05;76.19;75.27
n6774eh;元・世界１位のサブキャラ育成日記 ～廃プレイヤー、異世界を攻略中！～;46;2438;2238;1121409;616465;61264;35649;31.46;17.00;38.29;2388912;6399.13;8715.21;11947.16;77.16;76.24;76.61;77.22
n6789do;魔王様、リトライ！;96;2582;2335;799692;462584;34369;23791;33.61;21.49;28.46;1674731;6292.39;8291.03;11357.94;76.41;77.35;77.19;77.08
n6811ck;その無限の先へ;172;2613;2438;2714964;1549442;117702;63567;42.71;21.78;95.21;5672328;4826.90;6604.73;9292.16;76.43;76.15;76.58;76.51
n6829bd;賢者の弟子を名乗る賢者;56;2676;2511;2243836;1290320;82412;42340;53.00;25.92;80.19;4670142;5588.98;7365.94;10050.70;74.84;75.85;75.99;74.91
n6849da;【web版】Ｌｖ２からチートだった元勇者候補のまったり異世界ライフ;x;2408;2235;2739108;1464336;114492;97860;27.99;22.16;90.17;5681358;5685.61;7553.32;10590.93;73.52;73.24;74.27;73.50
n6887dt;暴食のベルセルク　～俺だけレベルという概念を突破する～;264;2072;1828;576903;327079;28779;15845;36.41;18.95;19.69;1215134;3874.66;5179.20;7255.47;83.23;83.41;82.67;83.07
n6970df;ライブダンジョン！;34;2352;2187;1806383;1039071;61755;30083;60.05;28.25;63.40;3754877;4951.82;6532.98;8825.47;76.28;75.59;76.08;74.97
n6990ch;NO FATIGUE 24時間戦える男の転生譚;212;2578;2319;1156994;637315;47660;34588;33.45;22.56;39.29;2415098;6098.91;8190.99;11479.24;78.45;78.06;78.31;78.35
n7002cp;銭（インチキ）の力で、戦国の世を駆け抜ける。（本編完結）;x;2637;2363;917842;561628;33683;28847;31.82;25.94;35.63;1921801;8726.28;12016.41;16882.71;58.00;61.06;58.63;58.24
n7005dc;悪役令嬢の取り巻きやめようと思います;281;2004;1715;304412;166558;14754;9661;31.51;19.42;10.31;637568;5978.10;7718.99;10812.82;79.25;78.94;78.92;79.36
n7006cm;復讐を誓った白猫は竜王の膝の上で惰眠をむさぼる;126;2052;1816;518601;302712;20881;17793;29.15;23.77;18.66;1085494;3392.96;4504.29;6519.20;79.94;80.57;80.63;80.33
n7031bs;金色の文字使い　～勇者四人に巻き込まれたユニークチート～;33;2514;2339;3268490;1814385;156254;92822;35.21;19.56;110.93;6900317;3808.79;5172.91;7565.43;80.28;80.48;80.36;80.37
n7059z;《Blade　Online》;x;2010;1764;484066;277751;20932;9428;51.34;21.89;16.91;1011473;3896.36;5182.84;7211.65;79.35;79.56;79.52;79.48
n7094fo;栽培チートで最強菜園　～え、ただの家庭菜園ですけど？～;104;1685;1367;183547;99395;10080;8023;22.88;16.92;6.14;392843;3592.79;4719.95;6563.49;80.98;81.16;80.69;80.95
n7105co;大陸英雄戦記;288;2528;2283;1427466;819300;61411;35684;40.00;21.99;51.36;2997601;6513.01;8551.60;11816.51;69.80;69.41;69.39;69.54
n7144ds;俺だけ入れる隠しダンジョン　〜こっそり鍛えて世界最強〜;139;2018;1763;424377;239990;23828;15044;28.21;16.70;14.63;904074;4368.07;5876.30;8386.52;80.11;79.69;79.67;80.29
n7146eg;【連載版】双子の姉が神子として引き取られて、私は捨てられたけど多分私が神子である。;292;1618;1361;539330;314838;22099;10411;51.80;23.19;18.83;1127461;1622.93;2150.38;3115.68;84.89;85.14;84.41;84.73
n7169dq;復讐スキル「死者喰い」と「時間操作」で勇者パーティーを全滅させます;x;1923;1631;271145;156843;14330;9425;28.77;17.90;9.56;576586;4166.14;5643.66;8043.76;79.40;79.04;79.23;79.63
n7216dr;最強の鑑定士って誰のこと？～満腹ごはんで異世界生活～;186;2185;1967;1094360;618714;42880;18898;57.91;24.12;37.88;2288702;6499.05;8594.01;12176.79;77.87;77.99;78.21;77.65
n7251fq;俺の前世の知識で底辺職テイマーが上級職になってしまいそうな件について;136;1648;1358;196269;109397;8666;6145;31.94;20.79;6.69;406708;4149.95;5741.68;8101.42;74.69;74.52;75.01;74.89
n7295fl;転生先で捨てられたので、もふもふ達とお料理します　　　～お飾り王妃はマイペースに最強です～;189;1897;1592;244092;135988;9205;7406;32.96;24.68;8.47;509095;5626.00;7466.25;10155.50;79.94;79.68;79.58;79.76
n7298cu;聖女の回復魔法がどう見ても俺の劣化版な件について。;233;1569;1317;340826;192127;14344;12593;27.06;22.05;11.48;716407;1822.43;2475.00;3653.15;83.17;85.35;84.37;83.76
n7352fa;ゆるふわ農家の文字化けスキル　～異世界でカタログ通販やってます～;x;1892;1611;242681;134200;12873;8664;28.01;17.50;8.07;513146;6488.35;8319.01;11517.67;75.62;74.94;75.41;75.56
n7362cy;回復魔法を得た童貞のチーレム異世界転移記;x;2299;2036;678034;399759;36394;28800;23.54;17.63;24.58;1438161;3934.47;5269.94;7538.25;79.48;79.51;79.64;79.92
n7384dm;僕の部屋がダンジョンの休憩所になってしまった件;x;1942;1690;448767;249799;26142;18403;24.39;16.42;15.02;963824;4756.60;6626.49;9842.43;77.63;77.28;76.84;77.46
n7411fd;育成スキルはもういらないと勇者パーティを解雇されたので、退職金がわりにもらった【領地】を強くしてみる;231;1947;1629;274481;149790;14049;10911;25.16;17.99;9.00;577808;6146.50;8354.99;11564.33;78.34;78.43;78.13;78.09
n7434ey;大魔王様の街づくり～魔法と科学と魔物が創る理想の街～;285;1616;1294;125961;69530;5616;4028;31.27;21.17;4.40;264671;4462.29;5863.65;8049.59;77.13;76.90;77.27;77.21
n7500bd;異世界チート魔術師（マジシャン）;111;2493;2253;943230;539193;46147;28942;32.59;19.53;34.01;1994896;5131.67;6826.21;9468.08;78.18;77.49;77.47;78.01
n7505bx;ぼくは異世界で付与魔法と召喚魔法を天秤にかける;232;2250;2011;1028000;553253;49592;42358;24.27;19.45;34.22;2170777;4822.95;6552.60;8859.89;77.76;78.14;78.30;77.66
n7521dy;スライム転生。大賢者が養女エルフに抱きしめられてます;190;2098;1858;595433;329298;29108;20045;29.70;19.42;20.70;1257386;4812.48;6353.61;8635.74;78.10;77.78;78.04;78.24
n7565fn;最後の夢の彼方へ ～for the light of tomorrow～;x;1409;1140;131267;70091;6105;3832;34.26;19.42;4.38;273962;2936.52;3914.38;5823.50;79.05;79.21;79.43;79.45
n7583de;自動販売機に生まれ変わった俺は迷宮を彷徨う;x;2310;2132;1062901;622009;43787;24808;42.85;23.23;38.40;2228072;4835.81;6479.06;8758.70;78.06;78.21;78.32;78.16
n7590cy;わたしはふたつめの人生をあるく！;269;1946;1668;463099;252722;20102;14238;32.53;21.91;15.79;971141;3664.66;4907.85;7139.60;80.56;81.25;80.71;80.21
n7594ct;10年ごしの引きニートを辞めて外出したら自宅ごと異世界に転移してた;76;2401;2205;1812238;988647;95096;65527;27.66;17.68;59.15;3764132;5248.18;6847.48;9803.43;74.54;73.08;73.29;73.82
n7609dc;ログインボーナスでスキルアップ～寝て起きて成り上がる～;x;1645;1404;317818;177288;16319;11465;27.72;18.06;10.68;676005;3176.40;4364.00;6542.97;80.70;80.76;80.70;80.63
n7612ct;LV999の村人;43;2122;1952;1286282;732687;49958;24549;52.40;24.21;44.47;2679265;3631.59;4758.04;6705.83;80.12;80.57;80.52;80.00
n7637dj;魔王様の街づくり！～最強のダンジョンは近代都市～;20;2234;1988;986351;546842;46832;30053;32.82;19.97;34.29;2075914;4701.06;6204.58;8400.24;76.60;76.38;76.79;76.95
n7648bn;マギクラフト・マイスター;54;3042;2850;7051731;3877123;324175;241652;29.18;19.81;234.00;14814880;6954.59;9594.60;13654.93;74.81;74.07;74.72;75.23
n7657bb;かわいいコックさん;144;2081;1768;389541;219869;16321;11475;33.95;22.84;13.86;816255;5210.70;6839.75;9486.05;74.41;74.51;74.52;74.26
n7669bt;異世界出戻り奮闘記;x;1872;1634;354182;200522;14207;9187;38.55;23.61;12.31;742184;3662.83;5066.55;7450.27;83.30;83.71;83.25;83.03
n7673ff;転生した大聖女は、聖女であることをひた隠す;137;1930;1655;323063;181731;12423;8355;38.67;24.07;11.28;673508;3969.30;5416.24;7909.91;78.84;78.86;78.89;78.77
n7707dt;暗殺者である俺のステータスが勇者よりも明らかに強いのだが;216;2035;1763;390347;230454;16774;13998;27.89;22.17;13.84;817472;3384.04;4648.73;6698.38;80.88;80.95;80.87;81.08
n7747ca;巻き込まれて異世界転移する奴は、大抵チート;x;1726;1523;423250;234187;27210;20402;20.75;13.65;13.93;902119;2639.60;3600.36;5252.25;80.15;77.83;78.15;79.26
n7756cy;異世界建国記;142;2416;2191;886710;501140;47536;34880;25.42;17.60;31.51;1871793;6100.33;7830.21;10544.03;74.39;73.44;73.26;74.37
n7787eq;魔導具師ダリヤはうつむかない;121;2200;1982;1023700;568149;42703;29604;34.58;22.51;35.25;2153782;4940.81;6648.73;9705.04;79.02;78.80;78.92;78.97
n7804bq;ドリーム・ライフ～夢の異世界生活～;x;2772;2584;3223531;1870164;111134;62438;51.63;27.71;114.66;6699541;4834.83;6456.29;9200.36;76.16;76.11;76.16;75.73
n7835cj;本好きの下剋上　SS置き場;x;1725;1464;281292;152546;8246;4292;65.54;32.91;9.61;583300;3572.70;4650.78;6846.92;78.20;78.61;78.83;77.77
n7855ck;北欧貴族と猛禽妻の雪国狩り暮らし;x;2172;1935;526029;308140;22437;18123;29.03;22.29;18.88;1109595;5397.30;6966.06;9838.18;80.23;80.29;80.24;80.33
n7864de;悪役令嬢は隣国の王太子に溺愛される;195;1868;1645;666498;348828;27912;17867;37.30;22.49;21.31;1398676;3225.64;4326.33;6086.59;74.64;79.00;78.52;77.47
n7891ca;必勝ダンジョン運営方法　相手に合わせる理由がない;193;2736;2550;5256708;2950441;251402;163729;32.11;19.58;178.54;11124036;4206.18;5844.09;8505.85;79.55;79.60;79.65;79.63
n7928dt;元最強の剣士は、異世界魔法に憧れる;198;2197;1963;1680201;975315;64725;46045;36.49;24.34;57.74;3498678;2149.32;2932.84;4384.74;82.42;83.46;83.35;82.82
n7940cn;没落予定なので、鍛治職人を目指す;79;2117;1886;690578;396368;37385;22203;31.10;17.61;24.23;1469001;4115.19;5562.40;8071.55;82.74;82.25;82.10;82.70
n7942ff;学園騎士のレベルアップ！　〜　レベル1000超えの転生者、落ちこぼれクラスに入学。そして、;251;1913;1635;353765;192005;17306;10492;33.72;18.96;11.58;747230;5299.40;7337.80;10542.20;79.59;79.57;78.92;79.24
n7944cf;天才外科医が異世界で闇医者を始めました。;x;2236;2028;1020512;566699;50972;38844;26.27;18.81;34.60;2163211;4803.93;6555.15;9406.47;80.55;80.86;80.60;80.59
n7945fn;ダンジョンが出来て３年。いきなり世界ランク１位になった俺は、会社を辞めてゆるゆると生きてます。;103;2382;2132;894918;489750;38609;27829;32.16;20.97;29.11;1864883;7212.22;9981.33;14578.18;76.92;76.85;77.41;77.11
n7961ej;異世界帰りの勇者が現代最強！;199;2117;1864;375415;208976;21773;13217;28.40;15.87;12.93;795972;6639.84;8796.14;11950.85;75.93;74.50;74.86;75.60
n7975cr;蜘蛛ですが、なにか？;8;2414;2192;1315610;751897;60971;54786;24.01;20.33;46.38;2756780;4410.69;5845.99;8320.15;78.22;77.82;78.21;78.53
n7983cw;ドロップ！！　～香りの令嬢物語～;149;2118;1901;742121;415669;28341;14992;49.50;25.03;25.51;1550536;3719.33;5028.55;7287.28;81.63;82.05;81.51;80.97
n7995ce;転生王女は今日も旗を叩き折る。;89;2346;2110;558397;320888;26425;17284;32.31;19.91;19.99;1176957;5028.47;6654.51;9209.57;81.02;80.47;80.28;80.90
n8001by;図書館ドラゴンは火を吹かない;x;2390;2051;358748;207788;13672;8377;42.83;24.88;13.08;746892;7588.79;10110.54;13721.12;74.43;76.76;78.53;77.22
n8031dd;町をつくる能力！？〜異世界につくろう日本都市〜;163;2379;2126;555794;328083;24049;20514;27.09;21.85;19.93;1165564;5818.26;7620.79;10654.97;79.26;78.80;78.78;79.08
n8034ba;ゴブリンの王国;x;2771;2578;2065632;1180739;81612;52358;39.45;23.98;74.38;4320049;6352.45;8109.89;11061.30;75.13;75.64;75.10;75.28
n8091eb;悪役令嬢は旦那様を痩せさせたい;x;1914;1696;432670;237789;20323;10251;42.21;20.01;14.69;911990;4758.77;6296.47;8809.68;82.29;82.69;82.10;82.20
n8106fu;異世界のんびり素材採取生活;176;1677;1387;191746;110572;7583;5708;33.59;24.31;6.75;401674;4033.47;5379.20;7504.15;79.79;79.74;79.77;79.52
n8109cq;婚約者は、私の妹に恋をする;293;1968;1704;357428;212360;14474;10822;33.03;23.31;12.74;747382;3696.40;5063.45;7124.10;82.13;81.72;82.47;82.38
n8139dg;聖女の魔力は万能です;26;1938;1656;346135;205494;12765;11285;30.67;25.72;12.51;720928;3100.70;4122.48;6044.89;76.59;77.22;77.46;77.07
n8162cb;蘇りの魔王;131;2369;2112;1405273;799039;47147;35054;40.09;28.02;48.56;2908315;3055.10;4223.88;6186.59;79.84;80.80;80.92;79.75
n8206dh;出遅れテイマーのその日ぐらし;114;2295;2031;1060258;585292;56135;32403;32.72;17.53;34.83;2235455;5541.16;7848.69;11145.39;76.11;75.41;75.74;76.23
n8213ez;俺はまだ、本気を出していない;174;1820;1543;258606;146471;14921;12346;20.95;16.27;8.94;556143;4747.81;6438.58;9116.22;83.19;82.35;82.27;82.81
n8262bn;魔法使いの婚約者;170;2139;1844;439343;245974;14917;6525;67.33;27.96;15.43;913237;4335.43;5924.49;8546.22;83.21;83.32;82.09;81.80
n8335bk;『Innocent World Online』　極振りさんのＶＲ日記;x;2245;1997;794100;429695;40882;25053;31.70;17.71;26.22;1665172;5237.60;6962.22;9800.10;78.07;77.49;77.81;78.10
n8366dn;カット＆ペーストでこの世界を生きていく;157;2107;1882;788069;436124;35300;27472;28.69;20.53;26.79;1631186;3545.44;4790.14;6844.65;78.68;78.40;78.44;78.79
n8388cp;転生したけど、王子（婚約者）は諦めようと思う;x;1600;1320;138506;74749;5237;3136;44.17;24.70;4.69;288558;4725.81;6406.69;8861.52;77.78;78.82;79.00;78.35
n8406bm;戦国小町苦労譚;192;3134;2873;1598663;959339;53731;34036;46.97;28.22;61.59;3304577;10624.33;13890.25;18754.33;62.86;65.76;63.65;63.32
n8433eb;今度は絶対に邪魔しませんっ！;102;1863;1583;261920;149428;9958;5753;45.53;25.05;9.28;545431;4010.38;5460.46;7571.25;80.49;80.68;80.32;80.28
n8440fe;お隣の天使様にいつの間にか駄目人間にされていた件;88;1987;1759;538099;314384;19974;15199;35.40;25.72;19.42;1127751;5062.88;6750.54;9659.77;80.27;80.16;80.85;80.63
n8462cr;俺だけ帰れるクラス転移;259;2140;1913;740355;435502;39247;29409;25.17;17.88;26.64;1568263;4089.46;5470.39;7913.20;79.18;78.00;77.97;78.74
n8514df;異世界から戻った俺は銀髪巫女になっていた;x;2052;1764;353397;200857;15741;10851;32.57;21.03;12.33;739426;4729.72;6507.32;9324.92;80.79;80.75;80.78;80.83
n8515dc;アラフォー賢者の異世界生活日記;44;2760;2538;2005915;1141543;87830;51687;38.81;21.33;71.47;4218842;5854.30;7684.50;10386.94;74.50;74.47;74.18;74.41
n8523ct;二度目の勇者は復讐の道を嗤い歩む;x;2436;2177;820108;458370;30706;22168;37.00;24.97;28.58;1707408;4859.08;6625.49;9525.62;80.66;81.19;81.25;80.70
n8541cr;異世界薬局;83;2566;2297;863017;484766;35012;21754;39.67;23.33;30.50;1807161;9076.33;11825.95;16372.25;72.87;72.61;73.06;72.80
n8558dd;お菓子職人の成り上がり～天才パティシエの領地経営～;x;1977;1709;454907;258271;22329;14317;31.77;19.58;16.01;963019;4590.64;6177.13;8766.10;80.49;80.27;80.26;80.53
n8577dn;望まぬ不死の冒険者;30;2424;2174;1711140;983144;67132;49059;34.88;23.89;59.30;3556682;2843.96;3977.09;6096.98;81.48;81.79;81.97;81.46
n8581fo;ブラックな騎士団で奴隷してたらホワイトな冒険者ギルドに引き抜かれてＳランクになってました;236;1804;1484;187058;107837;10884;7238;25.84;16.35;6.55;399820;4097.30;5567.75;7798.05;79.77;79.38;79.62;79.84
n8611bv;ありふれた職業で世界最強;3;2788;2639;3885736;2159263;161463;78250;49.66;22.48;136.13;8127947;6777.19;8735.25;11774.25;74.89;75.41;75.48;75.09
n8618ef;冒険家になろう！　～スキルボードでダンジョン攻略～(WEB連載版);141;2328;2091;775187;441422;41344;36843;21.04;17.43;27.17;1629012;5310.09;7062.03;9789.66;75.31;74.54;74.52;75.18
n8630br;ダンジョンを造ろう;x;2118;1894;648079;379618;30279;14956;43.33;20.49;23.53;1358211;3656.90;4801.43;6845.25;77.91;77.56;77.48;78.07
n8697cx;聖者無双　～サラリーマン、異世界で生き残るために歩む道～;49;2348;2149;1353143;794466;52636;37211;36.36;24.52;48.22;2834901;3370.13;4514.30;6654.16;77.54;77.33;77.43;77.41
n8725k;ログ・ホライズン;68;2892;2611;1973812;1095128;69458;36957;53.41;27.14;69.02;4101790;6794.85;8904.22;12372.54;73.86;73.07;73.91;73.06
n8802bq;八男って、それはないでしょう！;10;2719;2492;2628081;1544268;100815;83600;31.44;24.84;95.12;5512327;5619.78;7600.07;10359.44;71.60;71.91;71.65;71.50
n8810eu;勇者パーティーを追放されたビーストテイマー、最強種の猫耳少女と出会う;218;2036;1857;880526;482293;54096;39105;22.52;14.93;28.97;1883410;3098.45;4175.43;5886.71;82.34;82.96;82.07;82.20
n8829fs;没落予定の貴族だけど、暇だったから魔法を極めてみた;62;1682;1417;235620;129440;13242;10765;21.89;16.58;7.95;503183;4130.01;5731.44;8224.55;79.61;79.57;79.63;80.22
n8858co;コミュ難の俺が、交渉スキルに全振りして転生した結果;x;2322;2086;1168093;639150;53980;25287;46.19;19.76;38.21;2440177;3720.57;5168.53;7819.18;82.81;83.31;82.34;82.54
n8915bv;甘く優しい世界で生きるには;60;2463;2276;1386689;811368;45048;27821;49.84;29.40;50.59;2878464;4654.08;6199.97;8511.86;77.04;78.46;78.27;77.58
n8925cq;チート魔術で運命をねじ伏せる;227;2160;1907;684225;386692;34417;21904;31.24;18.94;24.12;1449907;4102.49;5446.82;7628.69;78.59;78.46;78.70;78.80
n8932fq;貧乏貴族ノードの冒険譚;289;2143;1835;249073;145974;8164;6318;39.42;28.87;9.16;515765;5660.94;7546.73;10512.95;69.43;72.39;71.59;70.37
n8937fs;最強クランのマスターは最弱最凶の支援職　～外れジョブ「話術士」でも頭脳と頼れる仲間の力で世界最強の探索者です～;100;2101;1842;302871;166057;13991;7151;42.35;20.06;10.31;636489;5985.85;7908.57;10812.35;75.74;75.49;75.89;75.94
n9055cl;悠久の愚者アズリーの、賢者のすゝめ;279;2508;2310;1837137;989235;99233;64064;28.68;17.00;60.78;3896400;5230.54;7077.62;10032.98;75.66;75.14;75.63;76.03
n9073ca;幻想再帰のアリュージョニスト;x;3060;2857;3613476;2051014;139565;77905;46.38;24.75;131.78;7525336;8155.06;10455.83;14146.73;74.88;75.21;74.62;74.75
n9078bd;この世界がゲームだと俺だけが知っている;51;2352;2092;1421330;790150;54010;48732;29.17;24.46;48.50;2961516;4460.45;6092.53;8781.85;78.27;78.78;79.02;78.12
n9144bk;そだ☆シス;x;2485;2254;3302477;1802623;143372;99290;33.26;21.51;111.14;7004105;5180.99;6808.83;9922.56;80.73;82.23;81.43;80.72
n9148t;風と異邦の精霊術師;x;2705;2425;758426;448272;35473;16289;46.56;20.44;28.22;1598596;6850.15;9090.83;12335.82;71.83;72.21;71.09;71.79
n9185fm;禁断師弟でブレイクスルー～勇者の息子が魔王の弟子で何が悪い～;223;2129;1907;781905;413826;46435;25855;30.24;14.99;25.14;1650482;4269.54;5844.53;8353.40;81.08;80.90;80.68;80.88
n9231bp;異世界混浴物語;x;2273;2041;943802;554996;37862;26041;36.24;23.76;33.66;1980839;4208.07;5595.57;8088.76;79.00;79.45;79.44;79.14
n9264bj;ドラグーン;246;2010;1826;846880;485635;38565;19656;43.09;20.75;29.07;1775171;3244.00;4359.54;6041.58;75.60;75.84;76.26;75.94
n9275ei;召喚された賢者は異世界を往く　～最強なのは不要在庫のアイテムでした～;284;1555;1283;149719;84027;7416;4750;31.52;18.83;5.15;315845;2969.08;3944.47;5643.66;78.43;78.21;78.28;78.63
n9285fc;落第賢者の学院無双 　～ああ賢者・・・死んでしまうとは情けないと言われてから４００年が経過した。～;x;1801;1517;199026;111602;10650;6611;30.11;17.22;6.79;419754;5351.46;7192.34;9831.62;76.77;75.95;76.43;76.78
n9340du;無能と呼ばれた俺、４つの力を得る;x;2254;2048;1336730;723014;80579;47508;28.14;15.10;44.28;2832735;3401.79;4700.54;6808.55;81.47;80.84;80.65;81.33
n9418eg;モンスターがあふれる世界になったので、好きに生きたいと思います;31;2104;1834;688752;374344;38291;30826;22.34;16.38;23.16;1456184;4084.67;5292.63;7560.67;77.62;76.84;77.06;77.64
n9442cw;その者。のちに・・・;244;1956;1717;521339;297538;24824;10686;48.79;19.43;17.94;1088297;2917.37;3987.96;5978.49;81.75;81.80;81.71;81.83
n9452cd;魔王になったら領地が無人島だった;x;2499;2298;1805673;1050284;79120;44916;40.20;21.63;64.36;3811397;4918.36;6713.42;9858.05;79.23;80.40;80.55;80.13
n9463br;僕と彼女と実弾兵器（アンティーク）;x;2272;2037;1102751;615111;47308;19731;55.89;21.87;38.44;2313519;6849.08;9027.67;12291.17;76.30;76.15;76.40;76.43
n9505bf;ワールドオーダー;208;2164;1862;547426;324734;24628;10166;53.85;21.35;19.51;1152520;3450.34;4701.26;6874.76;81.76;82.36;82.40;82.52
n9511bs;男なら一国一城の主を目指さなきゃね;183;3061;2841;4331651;2488590;168346;95973;45.13;24.33;153.18;8984905;5780.55;7877.92;11417.87;75.71;75.72;75.76;75.70
n9511dh;狼領主のお嬢様;210;1996;1737;357664;204042;15333;6817;52.47;22.16;12.66;751094;3842.60;5131.35;7347.05;84.51;84.16;83.88;84.13
n9525fd;反逆のソウルイーター　～弱者は不要といわれて剣聖（父）に追放されました～;140;2345;2053;517411;293552;18562;11360;45.55;26.25;18.03;1074978;6462.08;8714.12;11758.64;79.61;80.18;80.30;79.51
n9543bw;モンスターのご主人様;248;2595;2359;2110812;1207355;94159;73610;28.68;21.18;74.37;4441711;3825.12;5219.30;7414.67;80.11;79.69;80.34;80.13
n9544br;週末冒険者;x;1965;1691;282859;166608;7973;5217;54.22;34.14;10.27;584623;3748.40;5043.85;7274.31;77.11;79.46;79.73;77.89
n9545er;善人おっさん、生まれ変わったらＳＳＳランク人生が確定した;179;2047;1811;531386;300421;29486;24139;22.01;16.96;18.46;1140909;4495.90;6103.43;8621.32;81.11;80.39;80.41;80.99
n9551ee;おっさん冒険者ケインの善行;124;2202;1932;508542;280352;19814;15791;32.20;24.35;17.14;1068043;6065.94;8159.95;11138.77;77.72;76.93;76.98;76.47
n9565dj;魔王討伐したあと、目立ちたくないのでギルドマスターになった;221;2418;2173;1231106;692687;49567;22649;54.36;23.03;41.85;2562495;4073.17;5500.02;7905.53;81.44;81.49;81.26;81.20
n9612l;義妹が勇者になりました。;x;1893;1689;493516;273525;16495;13280;37.16;28.24;17.02;1028259;4398.01;5790.23;8355.55;80.73;81.35;81.20;80.11
n9636x;薬屋のひとりごと;29;2579;2314;836267;502283;38710;26551;31.50;20.54;30.75;1764273;7031.72;9748.32;13938.17;72.18;67.49;71.17;71.77
n9638em;劣等眼の転生魔術師　～　虐げられた元勇者は未来の世界を余裕で生き抜く　　～;x;1588;1288;100376;58718;5032;3625;27.69;18.89;3.56;212511;4536.20;6207.40;8715.60;76.97;76.93;77.13;77.30
n9669bk;無職転生　- 異世界行ったら本気だす -;2;2702;2487;2655699;1500120;142222;129497;20.51;17.53;90.53;5624389;4448.32;6158.47;8972.88;80.34;80.06;80.02;80.45
n9686ek;虐げられた救世主の俺は異世界を見捨てて元の世界で気ままに生きることにした;x;1843;1590;301645;168821;16318;13674;22.06;17.27;10.43;641386;6197.80;8165.92;11445.50;79.45;78.66;78.83;79.42
n9734bb;魔導師は平凡を望む;156;2303;2161;2666556;1528855;117009;61581;43.30;21.37;95.67;5580344;3938.81;5187.31;7069.22;75.99;75.70;75.75;76.03
n9773bj;異世界居酒屋「のぶ」;128;2648;2303;621318;351820;25067;18892;32.89;23.83;21.89;1302852;8130.96;10659.61;14979.43;79.82;80.01;79.94;79.76
n9795dx;最強ギルドマスターの一週間建国記;x;2309;2057;678613;394022;28962;20885;32.49;22.20;24.06;1415715;3986.74;5390.86;7248.40;76.66;77.09;76.95;76.99
n9814bu;２９歳独身は異世界で自由に生きた…かった。;220;2630;2419;1029432;597721;44791;24359;42.26;22.05;36.78;2162637;6001.35;8003.14;11057.94;77.42;77.36;77.58;77.57
n9835bf;第三王子エルメル;x;1703;1409;187592;107498;9237;5073;36.98;19.25;6.53;392392;3295.88;4389.88;6314.25;85.15;84.39;83.72;84.68
n9838bp;多神の加護;295;2146;1921;655902;373808;29584;22861;28.69;20.99;22.79;1378462;4503.72;6069.78;8693.60;79.09;79.03;79.13;79.16
n9846ee;地味な剣聖はそれでも最強です;184;2556;2372;2431472;1422592;100915;74039;32.84;22.73;87.36;5101279;5006.92;6773.25;9589.41;77.88;77.41;78.09;77.98
n9863da;成長チートでなんでもできるようになったが、無職だけは辞められないようです;97;2443;2188;1046340;594061;49828;34473;30.35;19.63;35.51;2201745;4423.83;6096.45;8799.25;77.90;77.52;77.81;78.01
n9898cc;音使いは死と踊る;x;1993;1769;555248;322326;29858;22883;24.26;17.50;19.69;1172105;4404.55;5770.83;8166.64;80.30;79.68;79.88;80.46
n9902bn;デスマーチからはじまる異世界狂想曲（ web版 ）;6;3016;2847;3009420;1739381;127320;96483;31.19;22.20;106.23;6330684;7279.89;9544.25;13150.53;71.00;70.93;70.78;70.80
n9975de;淡海乃海　水面が揺れる時;282;2817;2538;1512341;947132;81788;32684;46.27;17.83;60.81;3230970;9507.67;13497.33;20589.00;54.04;49.26;48.44;49.87
n9981by;北の砦にて;206;1896;1688;428546;248614;17277;11280;37.99;23.69;15.08;897835;3674.48;5009.14;7212.32;83.33;83.89;83.46;83.24
n9985cb;境界迷宮と異界の魔術師;82;2928;2763;7229653;4156454;297932;143292;50.45;23.26;259.12;15094456;6144.60;8204.51;11221.48;76.08;76.27;76.11;76.33
