0
1
9
10
11
12
13
20
22
25
28
31
38
39
42
46
47
52
64
65
66
68
69
70
79
80
84
92
93
94
95
150
151
152
153
155
156
157
159
160
161
166
170
178
179
180
184
186
189
191
192
193
196
198
202
207
208
253
255
257
258
259
260
261
262
263
264
265
266
292
293
299
300
309
315
316
317
327
328
329
330
341
342
343
352
354
356
358
359
360
362
364
365
366
384
422
423
427
430
431
435
443
457
463
464
465
466
467
468
471
479
480
483
485
490
491
492
493
494
503
507
509
513
515
517
520
522
524
527
528
530
531
535
536
540
541
547
548
550
551
552
553
554
555
556
557
560
564
566
567
574
579
581
589
595
597
601
616
618
621
623
624
627
629
631
633
635
638
640
644
648
649
650
651
652
655
656
657
659
660
661
663
664
666
674
675
677
678
681
682
689
699
708
709
714
717
721
722
723
724
725
741
742
743
745
772
773
776
778
779
787
788
792
793
803
807
809
813
815
816
817
819
820
826
827
829
830
834
835
837
838
839
840
842
843
844
845
846
847
855
857
875
876
877
878
879
880
881
883
884
885
886
887
889
890
893
895
896
897
898
899
901
902
905
906
907
908
909
912
913
915
916
920
924
925
927
928
932
938
942
944
947
948
951
954
962
968
969
972
973
974
975
977
979
984
986
988
994
999
1002
1003
1004
1005
1012
1014
1020
1021
1024
1025
1027
1028
1029
1034
1039
1040
1043
1044
1047
1052
1055
1061
1063
1064
1065
1069
1073
1080
1082
1083
1085
1086
1087
1088
1091
1092
1093
1094
1095
1096
1097
1100
1109
1110
1111
1112
1113
1115
1116
1117
1118
1119
1120
1121
1123
1124
1127
1130
1131
1132
1136
1138
1139
1145
1147
1148
1153
1154
1160
1164
1165
1169
1179
1180
1181
1185
1188
1440
1447
1457
1464
1466
1468
1492
1494
1544
1546
1577
1587
1594
1596
1598
1605
1625
1626
1644
1645
1659
1661
1662
1670
1679
1688
1697
1704
1706
1707
1716
1764
1765
1772
1788
1801
1806
1807
1951
1956
1959
1962
2024
2027
2032
2035
2038
2107
2117
2137
2157
2167
2174
2175
2176
2177
2182
2189
2194
2444
2489
2541
2542
2548
2580
2581
2921
2923
2935
2938
2939
2961
2962
2964
2965
2995
3018
3020
3021
3107
3130
3132
3133
3203
3204
3206
3218
3221
3222
3244
3246
3248
3249
3277
3278
3472
3475
3481
3488
3489
3490
3492
3523
3524
3593
3594
3648
3651
3657
3664
3665
3666
3668
3859
3860
3994
3995
4256
4257
4259
4295
4333
4371
4409
4447
4448
4450
4680
4681
4703
4747
4790
4791
4853
4888
4919
4920
4921
4922
4937
4973
5009
5010
5011
5012
5098
5099
5100
5158
5159
5160
5177
5187
5295
5296
5375
5376
5586
5600
5601
5603
5605
5634
5635
5637
5669
5702
5703
5705
5737
5757
5771
5772
5774
5776
5806
6042
6043
6045
6047
6082
6083
6085
6160
6161
6163
6239
6240
6242
6244
6262
6270
6288
6289
6290
6292
6294
6334
6354
6362
6380
6381
6382
6384
6386
6416
6452
6453
6454
6455
6456
6457
6460
6492
6500
6518
6519
6520
6522
6538
6546
6550
6564
6565
6566
6568
6570
6584
6592
6596
6610
6611
6612
6614
6616
6630
6638
6642
6656
6657
6658
6660
6662
6672
6676
6684
6702
6703
6704
6706
6708
6753
6894
6895
6896
6960
6961
6962
6963
6983
7016
7053
7054
7055
7056
7058
7140
7177
7178
7179
7180
7182
7201
7277
7278
7279
7280
7281
7282
7283
7284
7363
7364
7365
7366
7425
7426
7427
7428
7430
7442
7487
7488
7489
7490
7492
7504
7512
7516
7523
7526
7549
7550
7551
7552
7554
7565
7566
7569
7648
7692
7727
7758
7780
7802
7824
7846
7847
7891
7898
7910
7914
8032
8092
8093
8112
8160
8161
8162
8230
8231
8232
8284
8285
8286
8287
8288
8335
8336
8337
8339
8371
8372
8374
8407
8408
8410
8422
8442
8443
8444
8446
8476
8477
8478
8479
8481
8528
8565
8566
8567
8568
8569
8570
8573
8630
8650
8687
8688
8689
8690
8691
8692
8695
8785
8787
8791
8794
8796
8835
8836
8846
8872
8873
8874
8875
8876
8877
8880
8896
8897
8933
8934
8935
8936
8937
8938
8941
8957
8994
8995
8996
8997
8998
8999
9002
9018
9019
9055
9056
9057
9058
9059
9060
9063
9079
9116
9117
9118
9119
9120
9121
9124
9140
9141
9177
9178
9179
9180
9181
9182
9185
9204
9205
9206
9215
9241
9242
9244
9245
9246
9249
9266
9267
9268
9303
9304
9305
9306
9307
9308
9311
9313
9328
9329
9365
9366
9367
9368
9369
9370
9373
9430
9450
9451
9472
9474
9475
9477
9494
9495
9497
9498
9519
9521
9522
9524
9541
9545
9585
9589
9592
9631
9652
9654
9655
9657
9674
9675
9696
9697
9698
9699
9700
9701
9703
9718
9719
9740
9741
9742
9743
9744
9745
9747
9762
9763
9784
9785
9786
9787
9788
9789
9791
9806
9807
9808
9828
9830
9831
9832
9833
9835
9850
9851
9861
9872
9874
9875
9876
9877
9879
9894
9895
9943
9947
9951
9982
9985
9988
9991
10059
10067
10078
10085
10099
10106
10113
10120
10127
10152
10154
10155
10157
10161
10163
10171
10173
10175
10177
10179
10184
10190
10202
10207
10208
10215
10216
10226
10232
10273
10278
10283
10288
10321
10322
10325
10328
10331
10334
10337
10340
10343
10345
10346
10349
10351
10352
10356
10369
10370
10372
10373
10374
10376
10377
10378
10380
10381
10382
10383
10385
10395
10396
10408
10409
10410
10422
10423
10424
10426
10427
10428
10430
10431
10433
10434
10436
10440
10446
10453
10454
10456
10457
10458
10459
10460
10467
10473
10474
10486
10488
10489
10492
10495
10498
10501
10502
10504
10545
10549
10550
10555
10561
10566
10572
10576
10583
10584
10586
10588
10691
10695
10696
10702
10706
10713
10724
10728
10735
10746
10751
10754
10866
10868
10870
10873
10883
10914
10943
10945
10947
10950
11559
11560
11562
11563
11565
11579
11580
11581
11582
11599
11600
11617
11619
11640
11692
11792
11844
11936
11938
11939
11941
11942
11944
11958
11959
11960
11961
11978
11979
11996
11998
12019
12020
12022
12024
12083
12123
12210
12213
12215
12240
12243
12245
12246
12335
12523
12524
12529
12531
12532
12535
12559
12569
12642
12706
12707
12712
12714
12715
12718
12742
12744
12745
12748
12749
12755
12756
12779
12838
12839
12842
12843
12849
12850
12873
12887
13080
13083
13084
13128
13131
13132
13166
13167
13168
13177
13180
13181
13215
13216
13228
13229
13234
13235
13264
13267
13268
13274
13275
13310
13315
13316
13369
13370
13387
13388
13399
13400
13428
13437
13447
13449
13452
13453
13456
13457
13468
13470
13473
13474
13475
13476
13477
13479
13481
13487
13491
13550
13552
13553
13554
13558
13559
13564
13567
13630
13631
13747
13749
13759
13760
13783
13785
13791
13795
13818
13820
13827
13834
13836
13848
13861
13863
13869
13873
13897
13899
13905
13909
13910
13934
13936
13942
13946
13969
13970
13971
13972
13973
13976
13982
13983
13984
13985
13991
13992
13995
13996
14019
14021
14027
14034
14036
14078
14087
14089
14095
14099
14122
14123
14163
14170
14171
14198
14205
14206
14312
14319
14336
14337
14347
14350
14354
14355
14383
14386
14390
14391
14418
14420
14421
14427
14466
14467
14468
14469
14473
14500
14503
14505
14506
14541
14542
14543
14544
14545
14546
14549
14561
14566
14567
14572
14577
14578
14583
14584
14589
14590
14597
14598
14600
14612
14615
14616
14617
14618
14619
14620
14623
14624
14647
14648
14650
14666
14694
14695
14696
14702
14703
14711
14712
14724
14725
14726
14727
14734
14739
14753
14754
14755
14756
14764
14765
14798
14799
14801
14806
14825
14828
14840
14915
14917
14918
14920
14933
14934
14938
14940
14945
14946
14951
14956
14959
14960
14968
14969
14992
15000
15011
15020
15024
15029
15033
15034
15035
15036
15038
15060
15068
15078
15096
15099
15106
15107
15108
15109
15110
15111
15112
15148
15149
15150
15151
15152
15178
15179
15180
15181
15189
15190
15191
15192
15193
15194
15195
15196
15197
15249
15250
15257
15261
15262
15263
15264
15265
15266
15267
15268
15314
15315
15316
15317
15318
15378
15396
15397
15398
15399
15400
15401
15407
15408
15410
15411
15412
15413
15417
15418
15419
15420
15421
15422
15510
15528
15532
15547
15548
15550
15551
15552
15553
15556
15579
15580
15581
15610
15617
15619
15635
15638
15640
15644
15646
15657
15660
15672
15674
15677
15683
15684
15685
15690
15691
15692
15695
15696
15700
15701
15702
15703
15705
15708
15711
15722
15723
15724
15727
15728
15733
15736
15737
15738
15739
15741
15746
15748
15749
15754
15763
15764
15774
15775
15778
15784
15785
15789
15790
15819
15820
15821
15822
15823
15825
15826
15827
15828
15829
15830
15831
15832
15833
15834
15835
15849
15850
15860
15865
15866
15877
15917
15919
15920
15921
15924
15925
15926
15927
15938
15939
15940
15941
15944
15946
15967
16022
16023
16025
16026
16033
16045
16046
16047
16053
16054
16056
16058
16065
16067
16068
16071
16072
16073
16075
16076
16082
16086
16093
16110
16113
16114
16115
16116
16118
16119
16120
16121
16122
16123
16124
16125
16126
16127
16143
16145
16159
16161
16167
16191
16220
16222
16223
16229
16233
16239
16241
16244
16245
16246
16247
16248
16249
16250
16251
16253
16254
16268
16281
16282
16283
16284
16285
16286
16288
16293
16295
16296
16297
16299
16300
16301
16303
16310
16312
16338
16339
16340
16342
16343
16344
16345
16346
16347
16350
16351
16352
16353
16363
16378
16379
16380
16382
16410
16438
16441
16446
16459
16460
16461
16462
16463
16466
16468
16474
16475
16711
16712
16713
16737
16739
16740
16741
16743
16764
16765
16766
16770
16773
16776
16789
16790
16792
16793
16794
16795
16796
16798
16807
16808
16811
16812
16813
16837
16839
16840
16841
16843
16858
16884
16886
16887
16905
16906
16931
16934
16935
16936
16937
16981
16999
17000
17004
17005
17014
17015
17016
17017
17019
17024
17046
17059
17060
17063
17067
17083
17112
17116
17124
17149
17287
17292
17299
17302
17304
17305
17307
17309
17340
17344
17345
17351
17352
17353
17367
17380
17382
17383
17385
17386
17390
17391
17393
17395
17396
17397
17398
17401
17405
17409
17412
17414
17416
17417
17419
17446
17450
17451
17456
17459
17473
17477
17482
17498
17505
17523
17524
17525
17526
17534
17554
17555
17558
17564
17569
17570
17572
17573
17574
17578
17579
17583
17584
17585
17587
17588
17599
17607
17608
17611
17622
17624
17628
17643
17655
17657
17659
17661
17662
17663
17664
17665
17666
17667
17668
17694
17713
17714
17718
17732
17735
17736
17740
17741
17743
17744
17746
17747
17749
17757
17758
17761
17763
17764
17765
17767
17768
17772
17774
17779
17780
17781
17783
17784
17787
17788
17828
17833
17888
17890
17892
17894
17896
17898
17900
17902
17904
17910
17912
17913
17916
17917
17918
17919
17920
17922
17928
17929
17930
17931
17932
17934
17936
17937
17938
17939
17942
17944
17945
17949
17954
17955
17956
17957
17969
17970
17971
17974
17977
17980
17987
17988
17989
17990
17991
17993
17994
17995
17996
18004
18005
18008
18009
18010
18011
18012
18013
18014
18015
18016
18017
18022
18023
18024
18025
18026
18028
18029
18030
18031
18034
18035
18038
18039
18045
18046
18049
18050
18051
18052
18053
18054
18055
18061
18062
18063
18064
18065
18067
18073
18074
18076
18077
18080
18082
18083
18084
18090
18114
18115
18118
18119
18122
18123
18126
18127
18131
18138
18148
18150
18159
18161
18162
18163
18168
18170
18172
18174
18175
18176
18178
18180
18183
18185
18186
18187
18189
18191
18192
18193
18195
18196
18197
18198
18199
18200
18201
18202
18203
18204
18205
18206
18207
18208
18209
18210
18213
18214
18215
18216
18217
18218
18219
18220
18221
18223
18227
18230
18231
18232
18233
18234
18236
18237
18238
18239
18240
18241
18248
18253
18255
18256
18258
18259
18260
18261
18265
18274
18275
18283
18284
18285
18289
