aete mushisuru;1987;1723;487284;285571;41916;35166;13.86;11.49;17.75;1186788;3774.67;5249.05;7669.92;82.48;80.83;81.11;82.30
amakoi;2028;1752;780069;442826;54686;28028;27.83;13.96;27.61;1863787;2610.24;3623.40;5478.91;91.16;92.27;91.05;89.73
ao no kanata;2129;1846;873044;505670;56968;42554;20.52;15.15;31.46;2039182;3266.83;4551.23;6764.82;81.15;80.40;80.85;80.79
astelight shuushuubako;2982;2595;485559;293340;14344;9535;50.92;33.55;18.65;1062193;11822.55;14968.33;20006.85;47.63;65.90;62.84;58.27
axanael;1861;1585;378897;208590;43090;31457;12.04;8.66;12.86;1018620;4473.03;6185.94;8852.18;77.37;74.89;74.59;76.23
biman1;1750;1394;177219;98201;12451;7630;23.23;14.05;6.27;435951;4260.90;5683.87;8101.80;82.34;82.02;82.45;82.25
buraban;1800;1570;743503;437600;59511;39213;18.96;12.38;27.10;1843652;1935.97;2684.83;4162.70;85.14;85.33;85.87;86.25
chronobox;1985;1737;490390;275580;41199;22341;21.95;11.60;17.54;1215132;4078.96;5481.36;8027.40;82.76;82.92;83.29;83.25
chronobox trials;1265;914;62045;35103;5448;3102;20.00;11.14;2.24;153851;3214.80;4330.18;6543.58;83.20;84.36;84.40;84.74
clacra;2215;1954;798979;448038;58006;40785;19.59;13.48;28.51;1966623;3943.99;5445.39;7776.45;83.09;82.36;82.96;83.07
cloverpoint;2258;1995;826177;474200;60632;40705;20.30;13.47;29.68;2000171;4705.86;6448.75;9354.50;82.24;81.60;82.09;81.81
daitoshokan;2312;2055;1062593;627059;76469;65781;16.15;13.81;39.49;2517383;3876.12;5338.45;7770.46;80.41;79.49;79.48;79.83
daitoshokan fandisk;2035;1760;458971;267957;34261;28268;16.24;13.31;16.96;1090969;3826.30;5230.74;7475.65;81.36;80.52;80.74;81.00
dies irae;2790;2551;1614080;951741;89885;54695;29.51;17.69;59.89;3623949;6527.17;8713.60;11887.69;76.03;75.78;75.61;75.52
dracuriot;2218;1944;1154120;663550;84384;49856;23.15;13.54;40.95;2788115;3082.67;4276.20;6400.32;82.97;82.65;82.78;81.96
eustia;2454;2210;946912;565396;69146;61214;15.47;13.65;34.92;2233829;4351.62;6186.41;8976.12;83.30;82.24;82.97;83.32
fate stay night;2556;2320;1598035;958825;93064;67643;23.62;17.06;59.12;3670684;4877.72;6484.58;9027.63;76.00;76.68;77.29;76.63
flowers1;1979;1690;313427;191620;18334;12505;25.06;16.99;11.82;715696;4197.77;5878.24;8919.55;75.62;74.99;74.67;74.98
flowers2;2032;1731;255414;155134;14646;10300;24.80;17.34;9.66;577012;5762.85;8023.76;11401.67;70.19;70.60;69.98;70.18
flowers3;2084;1808;279235;172879;16034;11020;25.34;17.30;10.59;628936;5631.20;7768.65;10836.87;69.85;70.39;69.92;70.11
flyable heart;1849;1626;786204;460113;56446;42919;18.32;13.81;28.58;1856734;2106.53;2934.41;4518.75;87.52;87.67;87.60;87.75
fortissimoexs;2306;2107;1229133;719469;68827;42717;28.77;17.43;45.47;2898110;3990.75;5352.41;7473.89;78.73;79.38;79.03;77.15
fortunearterial;2186;1942;852111;505495;66355;62552;13.62;12.79;31.55;2020723;3594.68;4918.94;7294.45;83.30;82.78;83.01;83.87
fureraba;2083;1853;972057;557185;65668;49041;19.82;14.63;34.79;2326559;3279.63;4638.94;7076.20;80.80;80.20;80.70;80.44
futsuu no fantasy;2018;1777;719328;422455;48851;36967;19.46;14.67;26.28;1685892;3588.67;4914.03;7082.67;84.41;83.96;84.45;84.13
gensou no idea;2481;2225;809804;476863;48809;31707;25.54;16.27;29.69;1860870;5529.10;7439.72;10088.85;78.63;78.23;77.76;77.86
grisaia;2611;2364;1616264;967480;95866;58976;27.41;16.58;58.75;3722925;4443.94;6246.21;9307.31;78.97;79.27;79.69;78.92
hanachirasu;2149;1742;139219;88041;7848;5840;23.84;17.66;5.50;313174;9058.90;11780.35;16101.97;60.16;59.48;56.76;57.65
hanahira;947;654;46525;25363;4264;3487;13.34;10.77;1.61;118834;2857.60;3937.60;6067.40;84.48;86.52;83.93;83.87
harumade kururu;1908;1659;561302;329066;41978;24170;23.22;13.24;20.04;1331974;2799.83;3958.99;6162.05;86.82;87.21;86.65;86.93
hatsukoi yohou;1834;1586;596846;352632;47730;28876;20.67;12.46;21.96;1462836;2200.27;3082.53;4713.60;85.37;85.26;85.32;85.63
hatsuyuki sakura;1980;1705;535514;314103;47091;34890;15.35;11.29;19.17;1321507;3958.88;5473.78;8251.62;85.27;86.28;86.06;87.52
henkoi;1897;1602;529937;296027;46944;21506;24.64;11.19;18.42;1341639;2985.29;4302.73;6377.17;78.51;76.89;77.50;77.06
hoshimemo;2080;1864;893158;538675;60811;53037;16.84;14.64;32.92;1967904;4196.60;5635.32;8078.25;82.43;81.49;81.42;82.49
iinchou shounin;2051;1789;575115;330257;57137;31613;18.19;9.97;20.45;1452024;3199.60;4475.97;6707.17;82.96;82.16;82.57;83.38
imakoi;1446;1157;143689;81099;9229;5826;24.66;15.52;5.10;335623;3009.20;3901.80;5475.37;78.02;78.38;78.93;78.58
inganock;2065;1816;384975;229312;32103;16295;23.63;11.60;14.13;882985;5273.00;7044.01;9899.50;76.03;72.60;72.05;74.26
itsusora;2465;2182;583122;356470;35948;29092;20.04;15.86;21.78;1329820;4974.40;6841.88;9834.75;80.70;79.49;80.38;80.57
jingai makyou;2495;2207;752909;450310;52865;30595;24.61;13.86;27.93;1742586;5294.96;7068.57;9943.40;81.42;79.71;80.53;81.48
kagerou;2938;2598;792047;489011;26550;19906;39.79;29.79;30.67;1761494;8426.90;11310.26;15944.21;65.88;62.74;66.29;63.38
kajiri 18;2798;2488;846474;512648;45515;27063;31.28;18.29;32.35;1899540;7673.58;10054.90;13970.30;66.50;65.65;67.00;67.06
kajiri akebono;2861;2565;1027163;624653;53302;31694;32.41;19.00;39.37;2293097;7411.94;9880.73;13790.73;66.44;65.44;66.72;66.65
kamikaze explorer;2244;1981;1066809;604325;76446;44103;24.19;13.72;37.80;2571862;3510.22;4821.47;7104.64;80.18;79.40;80.38;79.76
kamimaho;2159;1945;870689;524213;52471;42813;20.34;16.53;32.85;2014648;3422.40;4648.41;6708.72;80.53;78.84;79.12;79.61
kanojo no seiiki;1294;1056;158859;92009;11349;7970;19.93;13.92;5.71;381072;2392.23;3243.93;4745.27;86.97;86.94;86.44;86.78
katahane;1865;1659;569480;332630;40062;28103;20.26;14.19;20.09;1385255;3440.08;4887.07;7330.26;80.62;80.60;80.60;79.68
kaziklu;2068;1726;209725;122771;10189;6061;34.60;20.33;7.66;462813;6177.00;8206.88;11068.17;75.91;77.35;77.70;77.04
kikaijikake no eve;2566;2361;1531763;898559;85737;43525;35.19;17.68;56.49;3541220;6339.68;8320.25;11444.91;67.22;69.84;70.46;69.19
kimikoe;2222;1981;722740;420545;57012;43427;16.64;12.55;26.39;1739034;4131.44;5669.68;8411.55;84.25;83.75;83.85;84.12
kirakira;2281;1986;1064565;631370;50511;34586;30.78;20.98;38.92;2380568;3663.04;5063.24;7536.61;80.83;80.99;81.26;79.59
koichoco;1991;1760;756457;434318;56921;39071;19.36;13.19;27.31;1855570;4004.70;5567.27;8166.71;82.20;81.76;82.29;81.64
leyline1;1596;1323;324310;194743;23200;17452;18.58;13.87;11.93;778333;2083.73;2816.15;4084.04;86.83;87.62;87.37;87.05
leyline2;1748;1473;421338;252367;27251;20727;20.33;15.34;15.44;996191;2363.62;3276.50;4715.89;86.16;85.79;85.60;84.95
leyline3;1661;1441;376493;224473;25497;18358;20.51;14.66;13.83;893636;2616.58;3454.97;5012.77;86.09;85.89;85.81;85.12
magical charming;2118;1803;645324;365851;55385;36516;17.67;11.54;22.92;1589846;3076.84;4501.36;6923.74;84.29;84.67;84.61;85.40
majokoi;1970;1709;547341;320953;45995;35060;15.61;11.84;19.68;1347720;3043.70;4387.83;6548.27;87.35;89.20;88.66;89.51
mamiyakun-chi;1945;1723;945532;538033;62698;38082;24.83;14.82;34.24;2231160;2953.46;3886.52;5594.03;84.09;83.36;83.96;83.43
monobeno;2421;2186;2011868;1112344;172390;90236;22.30;11.55;72.02;4887951;4894.33;6677.16;9740.10;87.07;89.26;88.84;89.46
muramasa;3070;2793;1189809;734933;89355;78135;15.23;13.24;46.82;2790559;9833.49;12580.78;17094.95;64.35;63.13;59.23;61.61
nanarin;1851;1589;447450;249239;42533;26282;17.02;10.22;15.83;1122490;2916.19;4005.63;5825.71;84.20;86.65;87.23;87.86
nanatsuiro;1543;1312;453855;269699;36028;26947;16.84;12.51;16.50;1095590;1715.74;2385.16;3644.99;87.99;88.77;88.64;88.99
natsukumo yururu;2004;1768;750409;442961;53449;31376;23.92;13.93;26.78;1766298;3131.58;4401.96;6645.56;85.64;85.55;85.09;85.42
nine kokoiro;1536;1236;142515;82198;12729;9035;15.77;11.15;5.18;355520;3443.96;4611.48;6541.80;81.85;81.12;81.94;82.92
noratoto;2050;1783;651917;367290;57781;40372;16.15;11.17;22.74;1611264;3688.68;5132.89;7918.85;85.23;85.60;84.05;84.52
nursery rhyme;2046;1779;655804;377828;41431;31423;20.87;15.72;23.50;1529245;3184.56;4458.73;6532.36;83.14;82.82;82.88;82.34
oniikiss;1951;1681;627490;356693;50762;29170;21.51;12.26;22.34;1549471;2526.20;3511.09;5133.98;90.56;92.46;90.95;89.74
oniikiss fd;1449;1176;245920;138855;19471;14206;17.31;12.48;8.56;597564;2374.13;3258.86;4802.32;89.08;91.20;87.84;86.94
oretsuba;2770;2482;1596292;911520;89710;52522;30.39;17.58;56.59;3616658;6943.48;9352.95;13162.66;76.97;78.28;78.75;77.33
oretsuba afterstory;2131;1827;412904;232540;26122;16054;25.72;15.58;14.56;955772;5372.25;7310.58;10417.12;80.14;79.98;80.17;78.79
oretsuba prelude;2171;1798;269924;150890;15150;8671;31.13;17.53;9.41;611915;8083.95;10729.74;14619.72;67.82;69.89;71.43;70.02
ouka sabaki;2145;1914;674913;411106;54008;31873;21.18;12.42;25.43;1680317;3606.50;5181.50;7849.50;76.08;78.64;79.34;80.26
parfait;2113;1834;567028;327105;48972;33091;17.14;11.49;20.52;1402932;3982.45;5486.98;8108.40;82.91;83.17;83.99;84.11
prawfclwyd;2018;1766;474599;271160;34908;24396;19.45;13.52;17.17;1171815;4112.70;5710.21;8452.89;85.59;85.87;86.50;84.88
primary by skyfish;2024;1778;831422;474158;67737;35497;23.42;12.05;29.24;2076479;2977.73;4221.52;6725.20;81.44;80.66;81.34;81.62
princessfrontier;2342;2096;789097;453081;61397;46855;16.84;12.72;27.99;1887534;5257.59;7384.78;10864.27;82.21;81.02;81.61;81.58
rabuobu;2169;1904;625204;357904;53398;33008;18.94;11.57;22.10;1503986;5157.83;7143.38;10470.75;82.66;81.38;81.50;82.71
rewrite+;2646;2409;1575954;930667;114939;98133;16.06;13.61;58.14;3708167;6692.84;8758.10;12088.27;76.98;75.19;75.00;76.20
rinshin;2210;1950;715377;415286;45936;27074;26.42;15.48;25.88;1679160;5301.70;7280.01;10192.35;80.99;80.44;80.94;79.87
satsukoi;1882;1587;285162;169911;24064;22372;12.75;11.77;10.52;700304;3582.75;4947.58;7063.62;85.16;84.05;84.35;85.42
senmomo;2513;2235;806430;492352;53978;47589;16.95;14.88;31.45;1894262;5555.97;7714.71;11041.24;66.78;65.83;64.96;65.85
senrenbanka;2222;1918;1068052;619622;79277;53777;19.86;13.36;38.39;2577729;2605.11;3671.96;5604.45;86.44;86.52;86.32;86.11
sensinkan bansenzin;2644;2376;856646;516408;42693;25801;33.20;19.96;32.45;1905606;5452.83;7328.02;10434.75;76.54;75.07;74.63;73.84
sensinkan hatimyouzin;2858;2544;1152108;696234;56847;34121;33.77;20.14;43.91;2549881;6582.40;8786.74;11906.92;75.48;74.21;73.52;72.79
sharnoth fvr;2124;1877;460329;265506;34861;18887;24.37;12.66;16.44;1049854;5277.79;6955.84;9930.99;77.79;75.08;76.20;77.76
shin koihime eiyuutan 1;1857;1567;392490;227928;28739;14550;26.98;13.55;14.50;948719;2909.49;4008.64;5981.68;87.38;88.67;88.69;88.02
shin koihime eiyuutan 2;1897;1659;444312;264335;37757;18946;23.45;11.68;16.47;1113805;2887.67;4128.79;6436.02;84.64;86.96;87.48;87.70
shin koihime eiyuutan 3;1921;1669;423461;246360;32296;18923;22.38;12.95;15.55;1039439;3271.65;4605.40;6788.45;85.59;86.63;87.19;87.33
shin koihime eiyuutan plus;1366;1062;104297;59698;7885;4544;22.95;13.06;3.75;256889;3086.05;4245.83;6565.55;89.28;90.94;90.16;89.89
shirokuma;2432;2127;1010345;559611;70374;46484;21.74;13.94;34.61;2409592;6018.56;8054.15;11507.63;78.83;78.38;78.82;78.10
shugaten;1763;1521;376878;215826;29312;24543;15.36;12.77;13.16;898595;4032.46;5755.26;8319.24;80.34;79.56;79.21;79.93
silverio vendetta;2758;2486;863983;510541;39798;24114;35.83;21.47;33.01;1898888;8915.47;11116.60;14519.37;66.00;68.75;66.32;65.19
simulacre;1771;1515;285163;178791;19263;13170;21.65;14.75;10.82;662112;2600.33;3563.06;5332.25;82.50;81.08;82.36;83.18
snowwhite;1546;1240;176057;107042;8085;5681;30.99;21.70;6.49;394306;2482.20;3471.80;5195.20;85.04;85.51;85.73;83.97
soramitsu;2125;1925;902605;519719;57642;39593;22.80;15.32;32.49;2147612;3477.89;4745.20;6785.37;85.57;85.13;85.39;84.66
sourire;1894;1637;618316;363343;44900;28629;21.60;13.59;22.50;1489796;2338.36;3207.45;4799.17;87.14;87.17;87.60;87.63
subahibi;2238;1996;883648;523303;74527;47508;18.60;11.64;32.17;2157907;3912.49;5536.02;8182.82;82.27;81.41;81.50;82.83
sukinara;2069;1835;1238443;685809;85195;56305;22.00;13.92;42.10;2930318;3228.64;4474.42;6723.62;86.46;87.01;85.83;85.17
summer pockets;2115;1848;686283;407996;63937;57625;11.91;10.64;24.50;1711511;3754.20;5511.91;8257.20;87.65;88.89;87.97;89.68
tarareba;1797;1553;462740;263306;32798;20984;22.05;13.94;16.43;1098004;2701.67;3666.95;5445.55;83.49;83.27;83.61;83.09
trinoline;1954;1692;495438;287809;34375;26522;18.68;14.31;18.14;1195563;2642.96;3609.71;5361.45;85.21;84.57;84.91;84.94
tsujidou-san no jun'ai road;2269;2019;1159724;656009;102403;78598;14.76;11.18;40.49;2783014;5193.59;7142.62;10308.76;78.61;75.67;76.25;77.90
tsujidou-san no virgin road;2064;1802;649154;369377;54690;42858;15.15;11.72;22.70;1553124;4985.60;6880.93;10150.30;78.43;76.00;76.64;78.00
tsuriotsu;2390;2102;1053271;637552;60946;30444;34.60;17.19;38.67;2388922;3250.97;4594.48;7043.25;81.78;81.36;81.40;81.33
tsuushinbo;1866;1617;612627;344763;44156;27811;22.03;13.66;21.70;1453184;2516.61;3367.62;5022.18;89.68;90.99;89.87;89.16
twinklecrusaders;2586;2313;1504925;856148;116844;77205;19.49;12.71;52.75;3600579;5358.97;7354.73;10578.42;77.97;76.20;77.11;77.50
tyrhhia;2604;2206;295145;179000;18314;11773;25.07;15.71;11.36;661103;10734.75;13882.75;18986.50;63.85;62.59;61.57;62.62
white_album;1831;1481;425614;251896;31841;26146;16.28;13.31;15.59;1008614;2603.59;3770.21;5720.65;83.62;82.99;83.49;84.71
yoakena;2134;1902;802113;467812;60023;59051;13.58;13.31;29.25;1945323;3488.03;4780.68;7093.70;83.38;82.21;83.15;83.60
