0
1
9
10
11
12
13
20
22
25
28
31
38
39
46
47
52
64
65
66
68
69
70
81
82
86
94
95
152
153
155
159
162
163
180
181
182
188
193
194
195
204
209
210
255
257
260
261
263
265
266
267
268
294
301
302
311
317
318
319
329
330
331
332
343
344
345
354
356
358
360
361
362
364
366
367
368
424
425
429
432
433
437
445
459
465
467
469
473
481
482
485
487
492
493
494
495
496
505
509
511
515
517
519
522
526
530
532
533
537
538
542
543
550
552
553
554
555
556
557
558
559
562
566
568
569
576
581
583
591
597
599
603
618
623
626
631
633
637
642
646
650
651
652
653
654
658
659
661
662
663
665
666
668
679
680
691
701
710
711
713
716
719
723
724
725
726
727
743
744
745
774
775
778
780
781
789
790
794
795
805
809
811
815
817
818
819
821
822
828
829
831
832
836
837
839
840
844
845
846
847
848
849
857
859
878
879
880
881
882
883
885
886
887
888
889
891
892
895
897
898
899
900
901
903
907
908
909
910
911
916
919
920
924
928
929
931
932
936
942
946
948
951
952
955
958
976
977
978
981
983
988
990
992
1003
1006
1007
1008
1009
1018
1024
1025
1028
1031
1032
1033
1038
1043
1048
1051
1056
1059
1065
1067
1068
1069
1073
1077
1084
1086
1087
1089
1090
1091
1092
1096
1097
1098
1099
1100
1101
1104
1106
1114
1115
1116
1117
1119
1120
1121
1123
1124
1125
1127
1128
1134
1135
1136
1140
1149
1152
1158
1164
1168
1169
1173
1183
1184
1185
1189
1192
1444
1451
1461
1468
1470
1472
1496
1498
1548
1550
1581
1591
1598
1600
1602
1629
1630
1648
1649
1663
1665
1666
1674
1683
1692
1701
1708
1710
1711
1768
1769
1776
1792
1805
1810
1811
1955
1966
2028
2031
2039
2042
2111
2161
2171
2178
2179
2180
2181
2186
2193
2198
2448
2493
2545
2546
2552
2584
2585
2925
2927
2939
2942
2943
2965
2966
2968
2969
3022
3024
3025
3134
3136
3137
3207
3208
3210
3222
3225
3226
3248
3250
3252
3253
3281
3504
3505
3506
3508
3541
3542
3615
3616
3690
3691
3692
3694
3887
3888
4022
4023
4284
4285
4287
4475
4476
4478
4532
4562
4720
4721
4730
4731
4840
4841
4850
4851
4971
4972
4973
4974
5061
5062
5063
5064
5151
5152
5211
5212
5229
5239
5347
5348
5427
5428
5664
5665
5667
5669
5679
5700
5703
5751
5772
5775
5823
5831
5845
5846
5848
5850
5860
6130
6131
6133
6135
6172
6175
6254
6257
6337
6338
6340
6342
6370
6388
6389
6390
6392
6402
6470
6488
6489
6490
6492
6502
6564
6566
6568
6569
6620
6638
6639
6640
6642
6652
6670
6688
6689
6690
6692
6694
6720
6738
6739
6740
6742
6744
6770
6774
6788
6789
6790
6792
6794
6802
6808
6820
6838
6839
6840
6842
6852
6853
7038
7039
7104
7105
7106
7107
7127
7160
7197
7198
7199
7200
7292
7329
7330
7331
7332
7357
7433
7439
7527
7528
7529
7530
7593
7594
7595
7596
7659
7660
7661
7662
7692
7699
7725
7726
7727
7728
7730
7738
7739
7745
7746
7749
7832
7880
7917
7931
7933
7952
7976
8000
8024
8031
8032
8048
8049
8055
8056
8097
8104
8116
8120
8238
8298
8299
8318
8366
8367
8368
8436
8437
8438
8490
8491
8492
8493
8494
8541
8542
8543
8577
8578
8613
8614
8648
8649
8650
8652
8682
8683
8684
8685
8687
8734
8772
8774
8775
8776
8779
8787
8802
8805
8860
8904
8941
8942
8943
8944
8945
8946
8949
8957
8972
8975
9065
9069
9071
9161
9162
9198
9199
9200
9201
9202
9203
9206
9214
9215
9246
9283
9284
9285
9286
9287
9288
9299
9312
9331
9368
9369
9370
9371
9372
9373
9376
9384
9390
9416
9453
9454
9455
9456
9457
9458
9469
9482
9501
9538
9539
9540
9541
9542
9543
9546
9554
9560
9586
9623
9624
9625
9626
9627
9628
9639
9652
9674
9675
9685
9712
9714
9715
9716
9719
9727
9738
9740
9741
9747
9748
9760
9761
9797
9798
9799
9800
9801
9802
9805
9807
9824
9826
9827
9828
9830
9831
9848
9885
9886
9887
9888
9889
9890
9901
9914
9974
10019
10040
10042
10043
10045
10070
10071
10074
10095
10097
10098
10100
10169
10176
10252
10254
10255
10257
10282
10304
10306
10307
10308
10309
10311
10334
10356
10358
10359
10360
10361
10363
10386
10387
10408
10410
10411
10412
10413
10415
10438
10460
10462
10463
10464
10465
10467
10476
10490
10491
10501
10512
10514
10515
10517
10519
10542
10543
10591
10595
10599
10630
10633
10636
10639
10747
10768
10800
10803
10809
10819
10821
10823
10825
10827
10832
10838
10850
10855
10856
10863
10864
10874
10880
10921
10926
10931
10936
10970
10976
10982
10988
10994
10999
11000
11004
11017
11018
11020
11021
11022
11024
11025
11026
11028
11029
11030
11031
11033
11044
11057
11058
11070
11071
11072
11074
11075
11076
11078
11079
11081
11082
11084
11094
11101
11102
11104
11105
11106
11107
11115
11121
11122
11134
11136
11137
11140
11143
11146
11149
11150
11152
11193
11197
11198
11209
11220
11224
11231
11236
11339
11343
11344
11354
11361
11376
11383
11394
11399
11402
11516
11521
11531
11562
11593
11598
12207
12208
12211
12213
12227
12228
12229
12230
12247
12265
12267
12288
12440
12584
12586
12587
12590
12592
12606
12607
12608
12609
12626
12644
12646
12667
12668
12670
12672
12731
12771
12858
12861
12888
12891
12893
12894
12991
13183
13184
13189
13193
13194
13221
13233
13310
13376
13377
13382
13386
13387
13414
13417
13421
13427
13428
13451
13511
13515
13521
13522
13545
13559
13752
13755
13756
13800
13838
13839
13840
13849
13887
13888
13900
13901
13936
13982
13987
13988
14041
14042
14067
14068
14137
14151
14165
14181
14185
14190
14198
14199
14204
14210
14212
14277
14279
14285
14287
14480
14482
14494
14495
14518
14520
14528
14532
14555
14563
14566
14573
14575
14587
14600
14602
14610
14614
14638
14646
14648
14652
14653
14677
14679
14687
14691
14714
14715
14716
14727
14730
14735
14738
14742
14743
14766
14768
14774
14776
14783
14785
14827
14836
14838
14846
14850
14873
14874
14925
14962
15073
15115
15153
15187
15196
15235
15236
15237
15271
15276
15278
15314
15315
15316
15317
15318
15319
15322
15334
15339
15340
15345
15350
15351
15356
15357
15362
15363
15370
15371
15373
15385
15388
15389
15390
15391
15392
15393
15396
15397
15421
15423
15439
15467
15468
15469
15475
15476
15497
15498
15499
15500
15507
15512
15526
15527
15528
15529
15537
15571
15572
15574
15579
15601
15611
15686
15688
15689
15691
15704
15705
15709
15711
15716
15717
15722
15730
15739
15740
15771
15782
15791
15795
15800
15804
15805
15806
15808
15830
15838
15848
15866
15869
15876
15877
15878
15879
15880
15881
15882
15959
15960
15961
15962
15963
15964
15965
15966
15967
16019
16020
16084
16085
16086
16087
16088
16148
16177
16178
16180
16181
16182
16183
16280
16298
16317
16321
16329
16330
16335
16336
16359
16360
16391
16398
16416
16419
16421
16484
16501
16511
16519
16520
16521
16525
16526
16527
16530
16531
16535
16536
16538
16540
16543
16546
16557
16558
16559
16562
16563
16568
16571
16573
16574
16583
16589
16598
16599
16609
16610
16613
16620
16625
16654
16656
16657
16658
16660
16661
16662
16663
16664
16666
16667
16668
16669
16683
16686
16687
16688
16689
16690
16691
16692
16693
16695
16696
16698
16702
16705
16706
16707
16708
16709
16710
16714
16715
16717
16720
16723
16724
16725
16728
16731
16732
16733
16738
16739
16741
16742
16743
16745
16750
16751
16753
16754
16755
16757
16758
16760
16762
16768
16769
16770
16771
16772
16773
16776
16783
16784
16785
16787
16788
16791
16793
16794
16795
16797
16798
16801
16802
16803
16805
16806
16810
16812
16813
16816
16817
16818
16823
16824
16827
16828
16834
16836
16837
16844
16850
16861
16862
16863
16865
16872
16878
16882
16883
16885
16886
16888
16889
16890
16893
16897
16898
16899
16900
16901
16903
16904
16905
16909
16913
16917
16921
16922
16923
16927
16928
16929
16937
16939
16943
16944
16945
16960
16963
16964
16965
16966
16970
16973
16974
16976
16980
16983
16990
16991
16992
16994
16997
17002
17003
17004
17006
17014
17025
17035
17036
17041
17045
17046
17051
17056
17059
17061
17064
17070
17072
17082
17093
17094
17104
17109
17110
17120
17160
17162
17163
17164
17167
17168
17169
17170
17181
17182
17183
17187
17229
17284
17285
17287
17288
17302
17341
17342
17343
17348
17349
17351
17353
17359
17361
17362
17365
17366
17367
17370
17380
17404
17407
17408
17409
17410
17412
17413
17414
17415
17417
17419
17420
17431
17439
17444
17445
17449
17450
17456
17458
17464
17466
17481
17487
17506
17516
17529
17533
17549
17569
17575
17613
17615
17617
17619
17623
17629
17651
17658
17704
17705
17710
17714
17720
17722
17725
17726
17727
17728
17729
17730
17731
17732
17734
17742
17746
17747
17748
17749
17750
17751
17754
17755
17756
17780
17781
17782
17783
17784
17787
17792
17793
17794
17796
17797
17798
17800
17802
17805
17808
17809
17812
17813
17814
17815
17816
17817
17819
17820
17822
17824
17826
17827
17828
17829
17831
17832
17836
17837
17838
17839
17840
17841
17842
17846
17848
17850
17862
17864
17905
17906
17908
17909
17910
17911
17913
17916
17921
17923
17924
17925
17926
17927
17929
17931
17932
17934
17935
17936
17938
17941
17942
17945
17947
17948
17949
17951
17955
17960
17962
17964
17965
17974
17975
17976
17977
17978
17979
17982
17983
17988
17990
17992
18002
18003
18004
18011
18012
18013
18041
18042
18043
18045
18054
18055
18077
18079
18105
18113
18126
18127
18128
18129
18130
18133
18135
18145
18146
18532
18533
18558
18560
18561
18562
18564
18578
18615
18616
18617
18621
18627
18640
18641
18643
18644
18645
18646
18647
18649
18653
18654
18656
18657
18661
18662
18664
18665
18667
18669
18671
18672
18673
18674
18675
18676
18677
18678
18679
18680
18681
18682
18688
18689
18693
18718
18720
18721
18722
18724
18738
18797
18847
18872
18875
18876
18878
18910
18911
18952
19000
19001
19006
19015
19016
19017
19018
19020
19029
19067
19092
19108
19140
19177
19181
19189
19214
19352
19357
19364
19367
19370
19409
19410
19416
19418
19432
19445
19450
19451
19456
19460
19461
19462
19463
19466
19470
19474
19479
19515
19516
19521
19524
19538
19542
19547
19563
19570
19589
19590
19591
19599
19619
19620
19623
19634
19635
19637
19638
19639
19643
19648
19649
19650
19652
19664
19672
19673
19676
19687
19689
19693
19720
19722
19724
19726
19727
19728
19729
19730
19731
19732
19737
19738
19780
19784
19798
19801
19802
19806
19807
19816
19817
19819
19827
19828
19831
19833
19834
19835
19837
19838
19842
19844
19849
19850
19851
19853
19854
19958
19962
19966
19970
19972
19981
19983
19984
19986
19987
19988
19989
19990
19992
19995
19997
19999
20000
20001
20002
20003
20004
20012
20015
20018
20019
20021
20022
20024
20026
20031
20032
20040
20043
20044
20045
20046
20047
20049
20051
20052
20054
20055
20061
20062
20063
20064
20071
20072
20075
20080
20088
20089
20093
20094
20095
20106
20113
20117
20122
20123
20125
20137
20138
20139
20143
20146
20149
20156
20157
20158
20159
20160
20162
20165
20166
20173
20174
20177
20178
20179
20180
20181
20182
20183
20184
20185
20191
20192
20193
20194
20195
20199
20200
20207
20208
20214
20215
20218
20219
20220
20221
20223
20224
20231
20232
20233
20234
20235
20236
20238
20241
20242
20243
20248
20251
20252
20254
20255
20265
20266
20267
20268
20269
20270
20271
20272
20273
20274
20278
20280
20281
20282
20288
20312
20313
20316
20317
20320
20321
20324
20329
20336
20346
20348
20359
20360
20368
20370
20375
20376
20377
20378
20380
20382
20385
20387
20388
20389
20393
20394
20395
20397
20398
20399
20400
20401
20402
20405
20406
20407
20408
20411
20412
20413
20416
20417
20418
20421
20424
20425
20428
20429
20430
20431
20432
20434
20435
20436
20437
20438
20439
20446
20451
20453
20454
20456
20457
20458
20459
20463
20472
20473
20481
20482
20483
20487
