aete mushisuru;[[https://vndb.org/v10803|vndb]];1987;1723;535637;285571;41916;35166;15.23;11.49;17.75;1186788;3777.40;5258.01;7610.57;82.37;80.88;81.14;82.26
amakoi;[[https://vndb.org/v16201|vndb]];2028;1752;865094;442826;54686;28028;30.87;13.96;27.61;1863787;2581.85;3586.60;5489.47;90.84;91.76;90.59;89.34
ao no kanata;[[https://vndb.org/v12849|vndb]];2129;1846;940519;505670;56968;42554;22.10;15.15;31.46;2039182;3285.70;4610.83;6743.76;81.39;80.67;81.09;81.04
astelight shuushuubako;[[https://vndb.org/r25625|vndb]];2982;2595;515830;293340;14344;9535;54.10;33.55;18.65;1062193;11659.72;14762.33;19814.14;48.46;66.79;63.84;59.51
atri;[[https://vndb.org/v27448|vndb]];1775;1495;255744;140051;15476;11842;21.60;15.22;8.55;553266;5079.65;6796.23;9770.53;75.34;74.88;76.05;76.19
axanael;[[https://vndb.org/v3971|vndb]];1861;1585;452892;208590;43090;31457;14.40;8.66;12.86;1018620;4513.05;6155.44;9025.55;77.64;75.39;75.07;76.64
biman1;[[https://vndb.org/v8038|vndb]];1750;1394;204695;98201;12451;7630;26.83;14.05;6.27;435951;4259.60;5672.43;7989.30;82.74;82.44;82.76;82.56
buraban;[[https://vndb.org/v532|vndb]];1800;1570;857148;437600;59511;39213;21.86;12.38;27.10;1843652;1930.16;2685.99;4154.82;85.22;85.47;86.02;86.38
chronobox;[[https://vndb.org/v20144|vndb]];1985;1737;558728;275580;41199;22341;25.01;11.60;17.54;1215132;4021.21;5445.72;7951.80;82.56;82.81;83.20;83.17
chronobox trials;[[https://vndb.org/v20144|vndb]];1265;914;70097;35103;5448;3102;22.60;11.14;2.24;153851;3187.80;4293.45;6507.90;82.71;83.98;84.05;84.36
clacra;[[https://vndb.org/v3371|vndb]];2215;1954;913337;448038;58006;40785;22.39;13.48;28.51;1966623;3950.49;5503.48;7803.15;83.42;82.72;83.25;83.35
cloverpoint;[[https://vndb.org/v427|vndb]];2258;1995;930226;474200;60632;40705;22.85;13.47;29.68;2000171;4714.49;6393.75;9341.15;82.40;81.75;82.22;81.95
daitoshokan;[[https://vndb.org/v8158|vndb]];2312;2055;1150641;627059;76469;65781;17.49;13.81;39.49;2517383;3868.15;5334.45;7652.41;80.57;79.66;79.69;80.01
daitoshokan fandisk;[[https://vndb.org/v12480|vndb]];2035;1760;498115;267957;34261;28268;17.62;13.31;16.96;1090969;3849.46;5159.49;7403.82;81.50;80.70;80.93;81.17
dies irae;[[https://vndb.org/v548|vndb]];2790;2551;1713635;951741;89885;54695;31.33;17.69;59.89;3623949;6574.46;8689.31;11821.70;76.70;76.39;76.21;76.12
dracuriot;[[https://vndb.org/v8213|vndb]];2218;1944;1289692;663550;84384;49856;25.87;13.54;40.95;2788115;3043.32;4249.33;6413.15;83.08;82.67;82.80;82.02
eustia;[[https://vndb.org/v3770|vndb]];2454;2210;1020293;565396;69146;61214;16.67;13.65;34.92;2233829;4266.90;6050.11;8773.62;83.61;82.52;83.21;83.52
fate stay night;[[https://vndb.org/v11|vndb]];2556;2320;1730055;958825;93064;67643;25.58;17.06;59.12;3670684;4730.39;6450.85;8864.22;76.60;77.22;77.74;77.10
flowers1;[[https://vndb.org/v14267|vndb]];1979;1690;336967;191620;18334;12505;26.95;16.99;11.82;715696;4035.10;5666.21;8213.74;76.38;75.62;75.31;75.60
flowers1+2+3;x;2412;2178;902724;519146;48779;33604;26.86;17.26;32.04;1918212;5138.83;7045.19;9870.61;73.08;73.02;72.50;72.71
flowers2;[[https://vndb.org/v15395|vndb]];2032;1731;271482;155134;14646;10300;26.36;17.34;9.66;577012;5506.95;7395.54;10538.35;71.24;71.54;70.85;71.03
flowers3;[[https://vndb.org/v18152|vndb]];2084;1808;295577;172879;16034;11020;26.82;17.30;10.59;628936;5409.60;7225.76;10205.10;70.96;71.31;70.78;70.95
flyable heart;[[https://vndb.org/v1179|vndb]];1849;1626;854635;460113;56446;42919;19.91;13.81;28.58;1856734;2118.32;2936.39;4518.75;87.34;87.40;87.36;87.50
fortissimoexs;[[https://vndb.org/v7595|vndb]];2306;2107;1362699;719469;68827;42717;31.90;17.43;45.47;2898110;3940.85;5350.83;7461.34;79.07;79.48;79.16;77.37
fortunearterial;[[https://vndb.org/v87|vndb]];2186;1942;914471;505495;66355;62552;14.62;12.79;31.55;2020723;3557.63;4900.42;7187.77;83.28;82.81;83.07;83.88
fureraba;[[https://vndb.org/v11856|vndb]];2083;1853;1071190;557185;65668;49041;21.84;14.63;34.79;2326559;3289.97;4635.83;7038.88;81.06;80.46;80.92;80.67
futsuu no fantasy;[[https://vndb.org/v9734|vndb]];2018;1777;782846;422455;48851;36967;21.18;14.67;26.28;1685892;3582.82;4832.40;6933.22;84.70;84.21;84.65;84.34
gensou no idea;[[https://vndb.org/v11881|vndb]];2481;2225;869906;476863;48809;31707;27.44;16.27;29.69;1860870;5572.23;7472.71;10134.97;78.87;78.31;77.89;77.98
grisaia;[[https://vndb.org/v5154|vndb]];2611;2364;1745874;967480;95866;58976;29.60;16.58;58.75;3722925;4474.91;6263.88;9334.38;79.30;79.52;79.91;79.17
hanachirasu;[[https://vndb.org/v430|vndb]];2149;1742;147576;88041;7848;5840;25.27;17.66;5.50;313174;8993.80;11711.35;16206.98;61.23;60.22;57.68;58.52
hanahira;[[https://vndb.org/v5244|vndb]];947;654;52047;25363;4264;3487;14.93;10.77;1.61;118834;2841.60;3964.80;6062.90;84.50;86.23;83.79;83.77
harumade kururu;[[https://vndb.org/v9198|vndb]];1908;1659;615399;329066;41978;24170;25.46;13.24;20.04;1331974;2808.17;3965.41;6216.15;86.78;87.05;86.55;86.82
hatsukoi yohou;[[https://vndb.org/v5782|vndb]];1834;1586;680448;352632;47730;28876;23.56;12.46;21.96;1462836;2214.24;3113.53;4764.58;85.22;85.11;85.19;85.47
hatsuyuki sakura;[[https://vndb.org/v7302|vndb]];1980;1705;586154;314103;47091;34890;16.80;11.29;19.17;1321507;3962.50;5449.56;8171.53;85.34;86.42;86.22;87.61
henkoi;[[https://vndb.org/v15730|vndb]];1897;1602;624716;296027;46944;21506;29.05;11.19;18.42;1341639;2957.33;4273.25;6294.44;78.76;77.07;77.68;77.27
hoshimemo;[[https://vndb.org/v1474|vndb]];2080;1864;960610;538675;60811;53037;18.11;14.64;32.92;1967904;4045.13;5522.70;7853.08;82.41;81.42;81.40;82.41
iinchou shounin;[[https://vndb.org/v353|vndb]];2051;1789;664500;330257;57137;31613;21.02;9.97;20.45;1452024;3169.00;4459.35;6646.50;82.78;82.20;82.59;83.35
imakoi;[[https://vndb.org/v13565|vndb]];1446;1157;158324;81099;9229;5826;27.18;15.52;5.10;335623;2984.67;3913.39;5467.37;78.34;78.74;79.21;78.87
inganock;[[https://vndb.org/v417|vndb]];2065;1816;411434;229312;32103;16295;25.25;11.60;14.13;882985;5126.33;6996.54;9678.50;76.20;73.15;72.59;74.67
itsusora;[[https://vndb.org/v23|vndb]];2465;2182;623109;356470;35948;29092;21.42;15.86;21.78;1329820;4958.60;6830.42;9823.12;80.72;79.35;80.24;80.40
jingai makyou;[[https://vndb.org/v400|vndb]];2495;2207;791758;450310;52865;30595;25.88;13.86;27.93;1742586;5250.83;7065.93;9910.80;81.94;80.17;80.99;81.88
kagerou;[[https://vndb.org/v835|vndb]];2938;2598;854180;489011;26550;19906;42.91;29.79;30.67;1761494;8421.57;11241.18;15728.37;65.95;63.27;66.75;63.98
kajiri 18;[[https://vndb.org/v5844|vndb]];2798;2488;895829;512648;45515;27063;33.10;18.29;32.35;1899540;7576.08;9989.89;13638.11;66.51;65.54;66.72;66.72
kajiri akebono;[[https://vndb.org/v5844|vndb]];2861;2565;1083276;624653;53302;31694;34.18;19.00;39.37;2293097;7430.85;9782.34;13485.02;66.48;65.35;66.46;66.33
kamikaze explorer;[[https://vndb.org/v4942|vndb]];2244;1981;1194658;604325;76446;44103;27.09;13.72;37.80;2571862;3489.05;4768.44;7064.32;80.43;79.69;80.62;80.03
kamimaho;[[https://vndb.org/v15871|vndb]];2159;1945;940485;524213;52471;42813;21.97;16.53;32.85;2014648;3417.20;4606.41;6753.12;80.67;78.87;79.21;79.67
kanojo no seiiki;[[https://vndb.org/v16150|vndb]];1294;1056;176214;92009;11349;7970;22.11;13.92;5.71;381072;2358.43;3248.18;4782.71;86.97;86.85;86.39;86.72
katahane;[[https://vndb.org/v22|vndb]];1865;1659;643411;332630;40062;28103;22.89;14.19;20.09;1385255;3420.90;4834.84;7216.18;80.90;80.81;80.79;79.90
kaziklu;[[https://vndb.org/v18685|vndb]];2068;1726;219863;122771;10189;6061;36.28;20.33;7.66;462813;6247.33;8232.95;11101.50;76.51;78.19;78.41;77.77
kikaijikake no eve;[[https://vndb.org/v568|vndb]];2566;2361;1682391;898559;85737;43525;38.65;17.68;56.49;3541220;6357.62;8337.87;11303.81;67.95;70.50;71.02;69.79
kimikoe;[[https://vndb.org/v364|vndb]];2222;1981;797849;420545;57012;43427;18.37;12.55;26.39;1739034;4145.10;5667.10;8403.18;84.17;83.66;83.78;84.02
kirakira;[[https://vndb.org/v414|vndb]];2281;1986;1129923;631370;50511;34586;32.67;20.98;38.92;2380568;3656.54;5064.74;7570.82;80.80;81.29;81.55;79.97
koichoco;[[https://vndb.org/v4028|vndb]];1991;1760;863575;434318;56921;39071;22.10;13.19;27.31;1855570;4031.75;5545.06;7970.58;82.24;81.77;82.31;81.70
leyline1;[[https://vndb.org/v10016|vndb]];1596;1323;357157;194743;23200;17452;20.47;13.87;11.93;778333;1964.10;2714.68;3912.36;86.30;86.96;86.68;86.36
leyline1+2+3;x;2019;1795;1227766;669613;75191;55792;22.01;14.77;41.08;2655246;2289.94;3170.42;4563.59;86.34;86.02;85.85;85.30
leyline2;[[https://vndb.org/v11093|vndb]];1748;1473;460293;252367;27251;20727;22.21;15.34;15.44;996191;2251.37;3156.03;4525.47;85.99;85.48;85.33;84.71
leyline3;[[https://vndb.org/v16212|vndb]];1661;1441;415297;224473;25497;18358;22.62;14.66;13.83;893636;2453.82;3333.12;4749.25;85.99;85.65;85.60;84.94
magical charming;[[https://vndb.org/v11857|vndb]];2118;1803;726822;365851;55385;36516;19.90;11.54;22.92;1589846;3083.70;4491.40;6946.82;84.49;84.94;84.85;85.61
majokoi;[[https://vndb.org/v14062|vndb]];1970;1709;605714;320953;45995;35060;17.28;11.84;19.68;1347720;3003.77;4322.96;6432.82;87.29;89.11;88.62;89.44
mamiyakun-chi;[[https://vndb.org/v18147|vndb]];1945;1723;1035063;538033;62698;38082;27.18;14.82;34.24;2231160;2922.99;3892.32;5571.56;84.24;83.50;84.12;83.61
monobeno;[[https://vndb.org/v12392|vndb]];2421;2186;2276982;1112344;172390;90236;25.23;11.55;72.02;4887951;4840.85;6638.66;9689.69;86.90;89.06;88.69;89.29
muramasa;[[https://vndb.org/v2016|vndb]];3070;2793;1298400;734933;89355;78135;16.62;13.24;46.82;2790559;9666.37;12614.85;17117.27;64.60;63.58;59.88;62.13
nanarin;[[https://vndb.org/v15473|vndb]];1851;1589;501710;249239;42533;26282;19.09;10.22;15.83;1122490;2914.99;4012.35;5820.38;84.11;86.79;87.39;88.00
nanatsuiro;[[https://vndb.org/v193|vndb]];1543;1312;500098;269699;36028;26947;18.56;12.51;16.50;1095590;1703.70;2366.63;3606.98;87.82;88.55;88.46;88.79
natsukumo yururu;[[https://vndb.org/v11855|vndb]];2004;1768;815928;442961;53449;31376;26.00;13.93;26.78;1766298;3145.45;4373.94;6608.84;85.72;85.55;85.13;85.44
nine kokoiro;[[https://vndb.org/v19829|vndb]];1536;1236;160876;82198;12729;9035;17.81;11.15;5.18;355520;3491.15;4630.35;6545.56;82.10;81.65;82.36;83.29
noratoto;[[https://vndb.org/v18148|vndb]];2050;1783;725185;367290;57781;40372;17.96;11.17;22.74;1611264;3700.21;5116.97;7846.86;85.36;85.63;84.13;84.59
nursery rhyme;[[https://vndb.org/v310|vndb]];2046;1779;709248;377828;41431;31423;22.57;15.72;23.50;1529245;3202.27;4456.63;6509.72;83.25;82.92;82.99;82.48
oniikiss;[[https://vndb.org/v18694|vndb]];1951;1681;725977;356693;50762;29170;24.89;12.26;22.34;1549471;2542.02;3477.19;5127.19;90.52;92.26;90.82;89.68
oniikiss fd;[[https://vndb.org/v20003|vndb]];1449;1176;275865;138855;19471;14206;19.42;12.48;8.56;597564;2348.95;3254.81;4784.42;89.29;91.20;87.98;87.14
oretsuba;[[https://vndb.org/v1141|vndb]];2770;2482;1694202;911520;89710;52522;32.26;17.58;56.59;3616658;6919.67;9281.97;12996.72;77.07;78.47;78.92;77.56
oretsuba afterstory;[[https://vndb.org/v3194|vndb]];2131;1827;444441;232540;26122;16054;27.68;15.58;14.56;955772;5309.70;7254.62;10274.15;80.16;79.94;80.14;78.84
oretsuba prelude;[[https://vndb.org/v842|vndb]];2171;1798;285845;150890;15150;8671;32.97;17.53;9.41;611915;8042.90;10698.34;14506.45;68.10;70.35;71.81;70.47
ouka sabaki;[[https://vndb.org/v16858|vndb]];2145;1914;756726;411106;54008;31873;23.74;12.42;25.43;1680317;3568.67;5073.90;7865.00;75.19;77.96;78.44;79.25
parfait;[[https://vndb.org/v683|vndb]];2113;1834;645875;327105;48972;33091;19.52;11.49;20.52;1402932;3978.27;5485.14;8073.40;83.16;83.60;84.36;84.49
prawfclwyd;[[https://vndb.org/v782|vndb]];2018;1766;539238;271160;34908;24396;22.10;13.52;17.17;1171815;4072.27;5722.17;8395.52;85.91;86.15;86.72;85.19
primary by skyfish;[[https://vndb.org/v1475|vndb]];2024;1778;936965;474158;67737;35497;26.40;12.05;29.24;2076479;2925.42;4174.04;6589.35;81.85;81.19;81.74;82.00
princessfrontier;[[https://vndb.org/v1338|vndb]];2342;2096;868621;453081;61397;46855;18.54;12.72;27.99;1887534;5172.70;7215.97;10574.89;82.41;81.19;81.73;81.69
rabuobu;[[https://vndb.org/v11069|vndb]];2169;1904;685392;357904;53398;33008;20.76;11.57;22.10;1503986;5161.12;7134.27;10391.38;82.78;81.57;81.66;82.80
rewrite+;[[https://vndb.org/r45775|vndb]];2646;2409;1698025;930667;114939;98133;17.30;13.61;58.14;3708167;6688.35;8726.25;12066.88;77.24;75.54;75.35;76.48
rinshin;[[https://vndb.org/v1649|vndb]];2210;1950;784371;415286;45936;27074;28.97;15.48;25.88;1679160;5231.71;7185.57;10057.35;81.10;80.54;81.03;80.02
satsukoi;[[https://vndb.org/v15143|vndb]];1882;1587;313821;169911;24064;22372;14.03;11.77;10.52;700304;3557.50;4936.88;7065.75;85.04;84.01;84.32;85.32
sengoku koihime x;[[https://vndb.org/r41467|vndb]];2915;2667;3026212;1633391;198910;116794;25.91;13.58;102.29;6571915;4863.88;6892.79;10458.82;81.45;81.81;82.03;82.56
senmomo;[[https://vndb.org/v15708|vndb]];2513;2235;872642;492352;53978;47589;18.34;14.88;31.45;1894262;5512.62;7383.83;10525.32;67.27;66.30;65.54;66.38
senrenbanka;[[https://vndb.org/v19073|vndb]];2222;1918;1187991;619622;79277;53777;22.09;13.36;38.39;2577729;2593.76;3658.84;5576.30;86.43;86.42;86.24;86.05
senshinkan bansenzin;[[https://vndb.org/v16131|vndb]];2644;2376;902342;516408;42693;25801;34.97;19.96;32.45;1905606;5428.33;7357.42;10407.75;76.75;75.20;74.86;74.11
senshinkan hatimyouzin;[[https://vndb.org/v12455|vndb]];2858;2544;1209693;696234;56847;34121;35.45;20.14;43.91;2549881;6594.17;8719.55;11902.73;75.68;74.23;73.64;72.93
sharnoth fvr;[[https://vndb.org/v1027|vndb]];2124;1877;493611;265506;34861;18887;26.13;12.66;16.44;1049854;5190.59;6860.46;9832.95;78.43;75.95;76.88;78.34
shin koihime eiyuutan 1;[[https://vndb.org/r38816|vndb]];1857;1567;443960;227928;28739;14550;30.51;13.55;14.50;948719;2844.15;3921.26;5762.74;86.82;87.99;87.95;87.29
shin koihime eiyuutan 2;[[https://vndb.org/r37745|vndb]];1897;1659;515162;264335;37757;18946;27.19;11.68;16.47;1113805;2831.92;3994.94;6149.55;84.02;86.42;86.89;87.08
shin koihime eiyuutan 3;[[https://vndb.org/r38814|vndb]];1921;1669;480971;246360;32296;18923;25.42;12.95;15.55;1039439;3213.46;4490.69;6603.62;85.20;86.21;86.76;86.88
shin koihime eiyuutan plus;[[https://vndb.org/r38815|vndb]];1366;1062;118416;59698;7885;4544;26.06;13.06;3.75;256889;3013.55;4249.71;6339.55;88.79;90.28;89.51;89.25
shin koihime musou kakumei 1;[[https://vndb.org/v18649|vndb]];2608;2363;1904437;1002652;131662;73512;25.91;12.75;62.59;4138565;4146.23;5881.00;8871.65;85.68;86.84;86.52;86.82
shirokuma;[[https://vndb.org/v2654|vndb]];2432;2127;1092821;559611;70374;46484;23.51;13.94;34.61;2409592;5985.95;8018.97;11319.29;79.25;78.81;79.16;78.47
shugaten;[[https://vndb.org/v20196|vndb]];1763;1521;404773;215826;29312;24543;16.49;12.77;13.16;898595;3998.35;5690.53;8332.35;80.74;79.95;79.55;80.23
silverio vendetta;[[https://vndb.org/v16134|vndb]];2758;2486;907287;510541;39798;24114;37.62;21.47;33.01;1898888;8825.40;11024.14;14322.30;67.02;69.44;67.14;66.07
simulacre;[[https://vndb.org/v19964|vndb]];1771;1515;307971;178791;19263;13170;23.38;14.75;10.82;662112;2618.88;3597.95;5353.12;82.65;81.12;82.43;83.20
snowwhite;[[https://vndb.org/v14393|vndb]];1546;1240;186893;107042;8085;5681;32.90;21.70;6.49;394306;2523.20;3503.77;5177.60;84.99;85.67;85.91;84.24
soramitsu;[[https://vndb.org/v764|vndb]];2125;1925;990611;519719;57642;39593;25.02;15.32;32.49;2147612;3504.09;4791.25;6796.54;85.72;85.19;85.47;84.78
sourire;[[https://vndb.org/v4985|vndb]];1894;1637;689587;363343;44900;28629;24.09;13.59;22.50;1489796;2359.10;3226.28;4835.43;87.11;87.10;87.57;87.59
subahibi;[[https://vndb.org/v3144|vndb]];2238;1996;1002475;523303;74527;47508;21.10;11.64;32.17;2157907;3920.09;5502.20;8138.15;82.16;81.46;81.57;82.82
sukinara;[[https://vndb.org/v17376|vndb]];2069;1835;1310330;685809;85195;56305;23.27;13.92;42.10;2930318;3183.97;4415.14;6643.10;86.69;87.17;86.03;85.42
summer pockets;[[https://vndb.org/v20424|vndb]];2115;1848;758893;407996;63937;57625;13.17;10.64;24.50;1711511;3715.70;5413.14;8144.70;87.55;88.87;87.99;89.62
tarareba;[[https://vndb.org/v18749|vndb]];1797;1553;507652;263306;32798;20984;24.19;13.94;16.43;1098004;2640.91;3590.20;5355.77;83.80;83.55;83.82;83.32
trinoline;[[https://vndb.org/v19644|vndb]];1954;1692;550090;287809;34375;26522;20.74;14.31;18.14;1195563;2657.40;3607.93;5396.90;85.40;84.71;85.06;85.08
tsujidou-san no jun'ai road;[[https://vndb.org/v9879|vndb]];2269;2019;1242389;656009;102403;78598;15.81;11.18;40.49;2783014;5141.57;7116.95;10194.23;78.81;75.96;76.50;78.06
tsujidou-san no virgin road;[[https://vndb.org/v12283|vndb]];2064;1802;693390;369377;54690;42858;16.18;11.72;22.70;1553124;4979.80;6865.18;10013.77;78.69;76.33;76.92;78.20
tsuriotsu;[[https://vndb.org/v10680|vndb]];2390;2102;1122475;637552;60946;30444;36.87;17.19;38.67;2388922;3277.00;4575.11;7022.50;81.99;81.53;81.59;81.51
tsuushinbo;[[https://vndb.org/v908|vndb]];1866;1617;673834;344763;44156;27811;24.23;13.66;21.70;1453184;2517.85;3378.20;5007.71;89.48;90.63;89.57;88.90
twinklecrusaders;[[https://vndb.org/v666|vndb]];2586;2313;1639472;856148;116844;77205;21.24;12.71;52.75;3600579;5297.93;7188.15;10369.42;78.32;76.60;77.42;77.79
tyrhhia;[[https://vndb.org/v21664|vndb]];2604;2206;315474;179000;18314;11773;26.80;15.71;11.36;661103;10433.00;13511.32;18183.50;64.68;63.29;62.41;63.40
white_album;[[https://vndb.org/v236|vndb]];1831;1481;461704;251896;31841;26146;17.66;13.31;15.59;1008614;2631.26;3784.74;5690.65;83.87;83.31;83.82;84.98
yoakena;[[https://vndb.org/v232|vndb]];2134;1902;884674;467812;60023;59051;14.98;13.31;29.25;1945323;3479.46;4782.16;7082.96;83.74;82.60;83.44;83.85
